4096,0.2857142857142857
2054,0.5238095238095238
2055,0.5476190476190477
2056,0.5476190476190477
2057,0.4523809523809524
2058,0.40476190476190477
2059,0.5238095238095238
2060,0.5238095238095238
2061,0.5238095238095238
2062,0.5238095238095238
2063,0.5238095238095238
2064,0.4523809523809524
2065,0.5476190476190477
17,0.42857142857142855
2066,0.5476190476190477
18,0.4523809523809524
2067,0.5714285714285714
2068,0.5714285714285714
2069,0.5476190476190477
2070,0.5476190476190477
22,0.5714285714285714
4118,0.5
2071,0.5476190476190477
23,0.2857142857142857
2072,0.5476190476190477
24,0.21428571428571427
2073,0.5476190476190477
25,0.21428571428571427
2074,0.5714285714285714
26,0.21428571428571427
2075,0.5714285714285714
27,0.3333333333333333
2076,0.5952380952380952
28,0.2857142857142857
2077,0.5952380952380952
2078,0.5714285714285714
30,0.2857142857142857
2079,0.5714285714285714
2080,0.5714285714285714
2081,0.5714285714285714
33,0.6428571428571429
2082,0.5714285714285714
35,0.5714285714285714
36,0.4523809523809524
37,0.21428571428571427
38,0.38095238095238093
39,0.2857142857142857
40,0.23809523809523808
41,0.38095238095238093
42,0.38095238095238093
43,0.6190476190476191
44,0.5238095238095238
45,0.5476190476190477
46,0.5
47,0.4523809523809524
49,0.5
50,0.38095238095238093
51,0.4523809523809524
52,0.23809523809523808
53,0.42857142857142855
54,0.42857142857142855
55,0.42857142857142855
56,0.40476190476190477
57,0.38095238095238093
58,0.42857142857142855
59,0.3333333333333333
60,0.35714285714285715
61,0.30952380952380953
62,0.30952380952380953
64,0.42857142857142855
65,0.21428571428571427
66,0.19047619047619047
67,0.30952380952380953
68,0.2857142857142857
69,0.2857142857142857
70,0.11904761904761904
71,0.35714285714285715
72,0.38095238095238093
73,0.30952380952380953
74,0.30952380952380953
75,0.38095238095238093
76,0.7619047619047619
77,0.5714285714285714
78,0.35714285714285715
79,0.2619047619047619
80,0.2857142857142857
81,0.23809523809523808
82,0.09523809523809523
83,0.09523809523809523
84,0.23809523809523808
85,0.19047619047619047
86,0.14285714285714285
87,0.16666666666666666
88,0.19047619047619047
89,0.5476190476190477
4185,0.5952380952380952
90,0.47619047619047616
4186,0.30952380952380953
91,0.11904761904761904
4187,0.5
92,0.5
95,0.19047619047619047
96,0.47619047619047616
97,0.23809523809523808
98,0.2857142857142857
99,0.14285714285714285
100,0.11904761904761904
101,0.5
102,0.09523809523809523
103,0.2619047619047619
104,0.23809523809523808
105,0.14285714285714285
107,0.11904761904761904
108,0.09523809523809523
112,0.14285714285714285
113,0.11904761904761904
114,0.09523809523809523
115,0.11904761904761904
116,0.11904761904761904
118,0.16666666666666666
119,0.14285714285714285
120,0.11904761904761904
121,0.2619047619047619
122,0.16666666666666666
123,0.21428571428571427
124,0.2619047619047619
125,0.23809523809523808
126,0.16666666666666666
127,0.3333333333333333
128,0.21428571428571427
129,0.19047619047619047
130,0.30952380952380953
132,0.2619047619047619
133,0.5238095238095238
135,0.42857142857142855
136,0.5714285714285714
140,0.5238095238095238
141,0.5
142,0.35714285714285715
143,0.3333333333333333
144,0.2619047619047619
145,0.5714285714285714
147,0.6190476190476191
149,0.7142857142857143
150,0.5
151,0.6428571428571429
152,0.42857142857142855
154,0.23809523809523808
155,0.19047619047619047
156,0.2619047619047619
157,0.2857142857142857
158,0.19047619047619047
159,0.23809523809523808
160,0.19047619047619047
161,0.19047619047619047
162,0.35714285714285715
163,0.40476190476190477
164,0.4523809523809524
165,0.47619047619047616
167,0.6904761904761905
168,0.6904761904761905
169,0.35714285714285715
170,0.21428571428571427
171,0.21428571428571427
172,0.6666666666666666
173,0.4523809523809524
175,0.7142857142857143
176,0.6904761904761905
177,0.8095238095238095
179,0.4523809523809524
180,0.40476190476190477
183,0.5714285714285714
184,0.2619047619047619
185,0.4523809523809524
186,0.5
187,0.35714285714285715
188,0.4523809523809524
189,0.3333333333333333
190,0.42857142857142855
191,0.6190476190476191
193,0.40476190476190477
194,0.7619047619047619
195,0.5952380952380952
196,0.7142857142857143
197,0.6428571428571429
198,0.6190476190476191
199,0.5
200,0.5714285714285714
201,0.6190476190476191
202,0.6428571428571429
203,0.5952380952380952
204,0.5476190476190477
205,0.42857142857142855
206,0.40476190476190477
207,0.42857142857142855
209,0.38095238095238093
211,0.2857142857142857
212,0.38095238095238093
213,0.38095238095238093
214,0.38095238095238093
215,0.5238095238095238
216,0.42857142857142855
217,0.40476190476190477
218,0.42857142857142855
219,0.40476190476190477
220,0.2619047619047619
221,0.40476190476190477
222,0.3333333333333333
223,0.42857142857142855
224,0.6428571428571429
226,0.2619047619047619
228,0.35714285714285715
229,0.30952380952380953
230,0.5238095238095238
231,0.42857142857142855
232,0.40476190476190477
233,0.40476190476190477
234,0.21428571428571427
235,0.2619047619047619
237,0.47619047619047616
239,0.30952380952380953
240,0.21428571428571427
241,0.47619047619047616
242,0.4523809523809524
243,0.4523809523809524
244,0.4523809523809524
245,0.40476190476190477
247,0.42857142857142855
248,0.38095238095238093
249,0.2857142857142857
250,0.30952380952380953
251,0.30952380952380953
252,0.2857142857142857
254,0.2619047619047619
255,0.38095238095238093
256,0.38095238095238093
257,0.35714285714285715
258,0.3333333333333333
259,0.30952380952380953
260,0.30952380952380953
261,0.30952380952380953
262,0.35714285714285715
263,0.30952380952380953
264,0.35714285714285715
265,0.3333333333333333
266,0.3333333333333333
267,0.2857142857142857
268,0.3333333333333333
269,0.35714285714285715
270,0.42857142857142855
271,0.40476190476190477
273,0.38095238095238093
274,0.4523809523809524
275,0.40476190476190477
276,0.30952380952380953
277,0.35714285714285715
278,0.42857142857142855
279,0.2619047619047619
280,0.2619047619047619
281,0.35714285714285715
282,0.2857142857142857
284,0.2857142857142857
285,0.2857142857142857
286,0.38095238095238093
287,0.40476190476190477
288,0.30952380952380953
289,0.38095238095238093
290,0.3333333333333333
291,0.2619047619047619
292,0.2857142857142857
293,0.47619047619047616
294,0.5238095238095238
295,0.5714285714285714
296,0.5714285714285714
297,0.5952380952380952
298,0.5476190476190477
299,0.5
300,0.5952380952380952
301,0.6190476190476191
302,0.5
305,0.30952380952380953
306,0.6190476190476191
307,0.5952380952380952
308,0.5
311,0.42857142857142855
312,0.5476190476190477
313,0.5
314,0.42857142857142855
315,0.5238095238095238
316,0.42857142857142855
318,0.5714285714285714
319,0.42857142857142855
322,0.35714285714285715
327,0.7142857142857143
328,0.5714285714285714
329,0.5714285714285714
330,0.4523809523809524
331,0.6428571428571429
332,0.5714285714285714
334,0.30952380952380953
338,0.3333333333333333
339,0.35714285714285715
341,0.35714285714285715
342,0.4523809523809524
343,0.5
344,0.42857142857142855
345,0.3333333333333333
346,0.30952380952380953
347,0.2619047619047619
348,0.40476190476190477
349,0.5238095238095238
350,0.47619047619047616
351,0.42857142857142855
352,0.4523809523809524
353,0.47619047619047616
354,0.42857142857142855
358,0.4523809523809524
359,0.38095238095238093
360,0.47619047619047616
362,0.5238095238095238
363,0.42857142857142855
364,0.47619047619047616
365,0.4523809523809524
366,0.3333333333333333
367,0.47619047619047616
368,0.5238095238095238
369,0.5
370,0.35714285714285715
371,0.2857142857142857
372,0.42857142857142855
373,0.40476190476190477
374,0.3333333333333333
375,0.3333333333333333
376,0.42857142857142855
377,0.42857142857142855
378,0.3333333333333333
379,0.30952380952380953
380,0.40476190476190477
381,0.19047619047619047
383,0.2857142857142857
384,0.5476190476190477
385,0.19047619047619047
386,0.23809523809523808
387,0.14285714285714285
388,0.2857142857142857
389,0.14285714285714285
390,0.3333333333333333
391,0.11904761904761904
392,0.42857142857142855
393,0.30952380952380953
394,0.35714285714285715
395,0.35714285714285715
396,0.2857142857142857
397,0.3333333333333333
398,0.11904761904761904
399,0.2857142857142857
400,0.09523809523809523
401,0.19047619047619047
402,0.38095238095238093
403,0.23809523809523808
404,0.16666666666666666
405,0.38095238095238093
406,0.11904761904761904
407,0.11904761904761904
408,0.5238095238095238
410,0.38095238095238093
411,0.3333333333333333
412,0.38095238095238093
413,0.6190476190476191
414,0.21428571428571427
415,0.30952380952380953
416,0.4523809523809524
417,0.35714285714285715
418,0.11904761904761904
419,0.3333333333333333
420,0.3333333333333333
421,0.2619047619047619
422,0.2857142857142857
423,0.3333333333333333
425,0.30952380952380953
426,0.30952380952380953
427,0.2857142857142857
428,0.2619047619047619
429,0.40476190476190477
431,0.47619047619047616
432,0.30952380952380953
433,0.42857142857142855
434,0.42857142857142855
435,0.30952380952380953
436,0.23809523809523808
437,0.2619047619047619
438,0.47619047619047616
439,0.2619047619047619
440,0.2619047619047619
441,0.40476190476190477
442,0.19047619047619047
443,0.40476190476190477
444,0.38095238095238093
445,0.2857142857142857
446,0.16666666666666666
447,0.2619047619047619
448,0.19047619047619047
449,0.2857142857142857
450,0.11904761904761904
451,0.2619047619047619
452,0.09523809523809523
453,0.23809523809523808
454,0.5
455,0.5238095238095238
456,0.5238095238095238
457,0.5
458,0.5238095238095238
459,0.47619047619047616
460,0.5476190476190477
461,0.5238095238095238
462,0.5238095238095238
463,0.47619047619047616
464,0.5
465,0.5476190476190477
466,0.14285714285714285
467,0.2619047619047619
468,0.40476190476190477
472,0.5714285714285714
489,0.5714285714285714
492,0.5952380952380952
493,0.09523809523809523
521,0.2857142857142857
529,0.6904761904761905
534,0.5476190476190477
536,0.3333333333333333
537,0.30952380952380953
538,0.3333333333333333
539,0.3333333333333333
540,0.5952380952380952
541,0.5714285714285714
542,0.5476190476190477
545,0.23809523809523808
547,0.30952380952380953
548,0.35714285714285715
549,0.30952380952380953
550,0.21428571428571427
551,0.5476190476190477
552,0.5476190476190477
553,0.38095238095238093
554,0.35714285714285715
555,0.09523809523809523
556,0.30952380952380953
558,0.30952380952380953
559,0.14285714285714285
561,0.42857142857142855
563,0.4523809523809524
565,0.4523809523809524
567,0.23809523809523808
568,0.4523809523809524
570,0.23809523809523808
572,0.5
573,0.23809523809523808
574,0.40476190476190477
577,0.19047619047619047
579,0.38095238095238093
580,0.30952380952380953
584,0.30952380952380953
587,0.30952380952380953
588,0.2857142857142857
589,0.5
590,0.5
591,0.19047619047619047
592,0.38095238095238093
594,0.3333333333333333
595,0.40476190476190477
596,0.42857142857142855
597,0.35714285714285715
598,0.38095238095238093
599,0.3333333333333333
600,0.21428571428571427
602,0.30952380952380953
603,0.7619047619047619
604,0.30952380952380953
2652,0.3333333333333333
605,0.7619047619047619
2653,0.35714285714285715
606,0.42857142857142855
2654,0.35714285714285715
607,0.42857142857142855
2655,0.35714285714285715
608,0.38095238095238093
2656,0.5238095238095238
609,0.40476190476190477
2657,0.4523809523809524
610,0.38095238095238093
611,0.42857142857142855
612,0.42857142857142855
613,0.3333333333333333
614,0.16666666666666666
615,0.09523809523809523
616,0.047619047619047616
617,0.047619047619047616
618,0.09523809523809523
619,0.11904761904761904
620,0.09523809523809523
622,0.38095238095238093
623,0.38095238095238093
624,0.35714285714285715
626,0.35714285714285715
628,0.2857142857142857
629,0.2619047619047619
630,0.3333333333333333
631,0.16666666666666666
632,0.35714285714285715
634,0.42857142857142855
635,0.2857142857142857
638,0.30952380952380953
639,0.38095238095238093
640,0.23809523809523808
641,0.3333333333333333
642,0.6666666666666666
644,0.6666666666666666
645,0.6904761904761905
646,0.6666666666666666
648,0.6666666666666666
650,0.47619047619047616
651,0.42857142857142855
652,0.5952380952380952
653,0.5952380952380952
654,0.2619047619047619
655,0.47619047619047616
656,0.14285714285714285
658,0.2619047619047619
659,0.47619047619047616
660,0.09523809523809523
661,0.47619047619047616
663,0.047619047619047616
673,0.42857142857142855
674,0.14285714285714285
675,0.5952380952380952
676,0.42857142857142855
677,0.5952380952380952
678,0.14285714285714285
679,0.2857142857142857
680,0.14285714285714285
681,0.42857142857142855
682,0.14285714285714285
683,0.09523809523809523
684,0.40476190476190477
685,0.42857142857142855
691,0.07142857142857142
694,0.19047619047619047
695,0.047619047619047616
696,0.11904761904761904
697,0.19047619047619047
698,0.19047619047619047
699,0.047619047619047616
700,0.047619047619047616
701,0.07142857142857142
702,0.07142857142857142
703,0.38095238095238093
704,0.09523809523809523
705,0.5238095238095238
706,0.14285714285714285
707,0.3333333333333333
708,0.3333333333333333
709,0.2619047619047619
710,0.11904761904761904
711,0.40476190476190477
712,0.4523809523809524
713,0.5238095238095238
715,0.38095238095238093
716,0.3333333333333333
717,0.14285714285714285
718,0.38095238095238093
719,0.30952380952380953
721,0.3333333333333333
722,0.35714285714285715
723,0.3333333333333333
724,0.5952380952380952
725,0.6428571428571429
726,0.6666666666666666
727,0.6666666666666666
728,0.6190476190476191
729,0.6666666666666666
730,0.6666666666666666
731,0.6428571428571429
732,0.6666666666666666
733,0.6666666666666666
734,0.6428571428571429
735,0.5476190476190477
736,0.5952380952380952
737,0.16666666666666666
738,0.5714285714285714
739,0.47619047619047616
740,0.2857142857142857
741,0.2857142857142857
743,0.5
744,0.2857142857142857
745,0.5714285714285714
748,0.5952380952380952
749,0.6428571428571429
750,0.5476190476190477
751,0.5
752,0.4523809523809524
753,0.40476190476190477
756,0.5952380952380952
757,0.7857142857142857
759,0.5952380952380952
760,0.6904761904761905
761,0.6666666666666666
763,0.6428571428571429
764,0.6428571428571429
765,0.7142857142857143
766,0.40476190476190477
767,0.7142857142857143
768,0.6428571428571429
769,0.4523809523809524
770,0.23809523809523808
772,0.19047619047619047
773,0.19047619047619047
774,0.40476190476190477
775,0.47619047619047616
776,0.40476190476190477
777,0.42857142857142855
778,0.3333333333333333
779,0.47619047619047616
780,0.2857142857142857
781,0.2619047619047619
782,0.2619047619047619
783,0.2619047619047619
784,0.2619047619047619
785,0.5238095238095238
786,0.5952380952380952
787,0.2857142857142857
789,0.5238095238095238
791,0.42857142857142855
792,0.30952380952380953
793,0.4523809523809524
794,0.47619047619047616
795,0.2857142857142857
796,0.3333333333333333
797,0.6666666666666666
804,0.4523809523809524
805,0.38095238095238093
806,0.35714285714285715
807,0.3333333333333333
808,0.5
809,0.5
810,0.4523809523809524
811,0.6666666666666666
812,0.30952380952380953
813,0.5714285714285714
814,0.7380952380952381
815,0.6190476190476191
816,0.21428571428571427
817,0.47619047619047616
818,0.7142857142857143
819,0.6190476190476191
820,0.6428571428571429
821,0.5238095238095238
822,0.35714285714285715
823,0.5476190476190477
830,0.42857142857142855
2878,0.40476190476190477
2879,0.42857142857142855
832,0.40476190476190477
2880,0.42857142857142855
2881,0.3333333333333333
834,0.4523809523809524
835,0.4523809523809524
836,0.4523809523809524
837,0.5238095238095238
838,0.4523809523809524
839,0.42857142857142855
840,0.5
846,0.6190476190476191
847,0.6190476190476191
848,0.5714285714285714
851,0.21428571428571427
852,0.5714285714285714
853,0.5714285714285714
854,0.5
855,0.5
856,0.4523809523809524
857,0.5
858,0.5
859,0.4523809523809524
863,0.5238095238095238
864,0.47619047619047616
865,0.35714285714285715
868,0.5476190476190477
872,0.38095238095238093
873,0.6190476190476191
875,0.2857142857142857
876,0.4523809523809524
877,0.3333333333333333
878,0.35714285714285715
879,0.47619047619047616
880,0.42857142857142855
882,0.4523809523809524
883,0.4523809523809524
884,0.47619047619047616
885,0.42857142857142855
887,0.47619047619047616
889,0.2857142857142857
890,0.42857142857142855
891,0.4523809523809524
895,0.47619047619047616
896,0.5
897,0.42857142857142855
898,0.42857142857142855
899,0.3333333333333333
900,0.23809523809523808
901,0.21428571428571427
902,0.2619047619047619
903,0.40476190476190477
905,0.35714285714285715
906,0.23809523809523808
907,0.42857142857142855
908,0.30952380952380953
909,0.23809523809523808
910,0.3333333333333333
911,0.30952380952380953
912,0.2857142857142857
913,0.4523809523809524
914,0.21428571428571427
915,0.2619047619047619
916,0.42857142857142855
917,0.38095238095238093
918,0.23809523809523808
919,0.38095238095238093
920,0.40476190476190477
921,0.3333333333333333
922,0.6666666666666666
923,0.6666666666666666
924,0.6666666666666666
925,0.6666666666666666
926,0.6666666666666666
927,0.6666666666666666
928,0.6666666666666666
929,0.6666666666666666
930,0.6666666666666666
931,0.6666666666666666
932,0.6666666666666666
933,0.6666666666666666
934,0.6666666666666666
935,0.6666666666666666
936,0.6666666666666666
937,0.6666666666666666
938,0.6190476190476191
939,0.6666666666666666
940,0.30952380952380953
941,0.40476190476190477
943,0.2857142857142857
945,0.2857142857142857
946,0.23809523809523808
947,0.40476190476190477
948,0.2857142857142857
949,0.2857142857142857
950,0.2857142857142857
951,0.2857142857142857
952,0.2857142857142857
953,0.47619047619047616
954,0.2857142857142857
955,0.4523809523809524
956,0.4523809523809524
957,0.5
961,0.35714285714285715
963,0.3333333333333333
964,0.19047619047619047
965,0.30952380952380953
966,0.3333333333333333
967,0.35714285714285715
968,0.35714285714285715
970,0.5
971,0.40476190476190477
972,0.2857142857142857
973,0.2857142857142857
974,0.3333333333333333
976,0.5714285714285714
977,0.5476190476190477
979,0.5
980,0.42857142857142855
981,0.38095238095238093
982,0.3333333333333333
983,0.23809523809523808
984,0.4523809523809524
985,0.5
986,0.5952380952380952
988,0.47619047619047616
989,0.47619047619047616
990,0.47619047619047616
997,0.7380952380952381
998,0.09523809523809523
999,0.09523809523809523
1000,0.6904761904761905
1001,0.6428571428571429
1003,0.3333333333333333
1007,0.23809523809523808
1008,0.23809523809523808
1009,0.23809523809523808
1010,0.21428571428571427
1011,0.5476190476190477
1012,0.40476190476190477
1013,0.30952380952380953
1014,0.5476190476190477
1015,0.23809523809523808
1016,0.2857142857142857
1021,0.40476190476190477
1022,0.2857142857142857
1023,0.42857142857142855
1024,0.42857142857142855
1025,0.38095238095238093
1026,0.42857142857142855
1027,0.5
1028,0.38095238095238093
1029,0.38095238095238093
1030,0.42857142857142855
1031,0.2619047619047619
1034,0.23809523809523808
1035,0.38095238095238093
1036,0.23809523809523808
1037,0.23809523809523808
1038,0.23809523809523808
1039,0.3333333333333333
1040,0.38095238095238093
1041,0.3333333333333333
1042,0.40476190476190477
1043,0.30952380952380953
1044,0.2619047619047619
1045,0.6428571428571429
1046,0.2857142857142857
1047,0.6666666666666666
1049,0.19047619047619047
1050,0.40476190476190477
1056,0.2857142857142857
1057,0.21428571428571427
1060,0.7619047619047619
1061,0.7142857142857143
1062,0.7142857142857143
1063,0.6190476190476191
1064,0.6428571428571429
1067,0.3333333333333333
1068,0.40476190476190477
1069,0.47619047619047616
1072,0.23809523809523808
1073,0.23809523809523808
1075,0.30952380952380953
1076,0.7857142857142857
1077,0.7380952380952381
1078,0.7380952380952381
1079,0.6190476190476191
1082,0.14285714285714285
1083,0.14285714285714285
1084,0.21428571428571427
1085,0.21428571428571427
1088,0.30952380952380953
1094,0.47619047619047616
1096,0.23809523809523808
1100,0.19047619047619047
1105,0.38095238095238093
1106,0.38095238095238093
1107,0.30952380952380953
1109,0.3333333333333333
1112,0.6666666666666666
1113,0.6666666666666666
1114,0.6666666666666666
1115,0.6666666666666666
1116,0.6904761904761905
1120,0.6904761904761905
1121,0.7142857142857143
1122,0.7142857142857143
1123,0.7380952380952381
1125,0.5952380952380952
1126,0.6666666666666666
1127,0.3333333333333333
1128,0.42857142857142855
1129,0.3333333333333333
1130,0.23809523809523808
1134,0.5
1139,0.35714285714285715
1140,0.40476190476190477
1142,0.35714285714285715
1143,0.09523809523809523
1144,0.30952380952380953
1145,0.40476190476190477
1146,0.21428571428571427
1147,0.047619047619047616
1148,0.11904761904761904
1149,0.19047619047619047
1150,0.14285714285714285
1151,0.047619047619047616
1152,0.5952380952380952
1153,0.2857142857142857
1154,0.09523809523809523
1155,0.2857142857142857
1156,0.047619047619047616
1157,0.2619047619047619
1158,0.2857142857142857
1159,0.40476190476190477
1160,0.21428571428571427
1161,0.16666666666666666
1163,0.4523809523809524
1166,0.47619047619047616
1167,0.6428571428571429
1168,0.6904761904761905
1169,0.47619047619047616
1171,0.11904761904761904
1175,0.21428571428571427
1176,0.38095238095238093
1177,0.42857142857142855
1181,0.38095238095238093
1184,0.23809523809523808
1185,0.42857142857142855
1188,0.4523809523809524
1189,0.4523809523809524
1190,0.30952380952380953
1191,0.7142857142857143
1193,0.40476190476190477
1194,0.5476190476190477
1197,0.40476190476190477
1198,0.42857142857142855
1199,0.42857142857142855
1200,0.2619047619047619
1202,0.23809523809523808
1203,0.42857142857142855
1206,0.47619047619047616
1208,0.7857142857142857
1209,0.6190476190476191
1213,0.42857142857142855
1222,0.38095238095238093
1223,0.2857142857142857
1224,0.4523809523809524
1226,0.2857142857142857
1227,0.23809523809523808
1228,0.5
1229,0.42857142857142855
1232,0.4523809523809524
1233,0.3333333333333333
1242,0.30952380952380953
1245,0.40476190476190477
1246,0.40476190476190477
1251,0.2857142857142857
1252,0.6904761904761905
1254,0.40476190476190477
1258,0.38095238095238093
1260,0.23809523809523808
1262,0.38095238095238093
1268,0.2857142857142857
1270,0.4523809523809524
1272,0.3333333333333333
1278,0.35714285714285715
1280,0.30952380952380953
1281,0.3333333333333333
1282,0.35714285714285715
1283,0.3333333333333333
1284,0.35714285714285715
1285,0.4523809523809524
1286,0.40476190476190477
1287,0.38095238095238093
1288,0.5
1289,0.2619047619047619
1290,0.40476190476190477
1291,0.40476190476190477
1292,0.40476190476190477
1293,0.40476190476190477
1294,0.40476190476190477
1295,0.38095238095238093
1296,0.35714285714285715
1297,0.5714285714285714
1298,0.5714285714285714
1302,0.38095238095238093
1304,0.2619047619047619
1305,0.3333333333333333
1306,0.23809523809523808
1307,0.35714285714285715
1308,0.23809523809523808
1309,0.23809523809523808
1310,0.42857142857142855
1311,0.40476190476190477
1312,0.35714285714285715
1313,0.35714285714285715
1314,0.5238095238095238
1315,0.3333333333333333
1316,0.2619047619047619
1317,0.23809523809523808
1318,0.47619047619047616
1319,0.38095238095238093
1320,0.38095238095238093
1321,0.38095238095238093
1322,0.30952380952380953
1323,0.2619047619047619
1325,0.5238095238095238
1327,0.5
1330,0.47619047619047616
1331,0.47619047619047616
1332,0.5714285714285714
1333,0.5714285714285714
1343,0.16666666666666666
1344,0.2857142857142857
1346,0.3333333333333333
1353,0.09523809523809523
1354,0.2619047619047619
1355,0.23809523809523808
1356,0.11904761904761904
1365,0.3333333333333333
1366,0.2857142857142857
1368,0.38095238095238093
1375,0.38095238095238093
1379,0.30952380952380953
1381,0.38095238095238093
1382,0.3333333333333333
1383,0.4523809523809524
1384,0.42857142857142855
1385,0.2857142857142857
1386,0.35714285714285715
1388,0.19047619047619047
1389,0.19047619047619047
1390,0.30952380952380953
1391,0.23809523809523808
1392,0.35714285714285715
1396,0.5238095238095238
1397,0.11904761904761904
1399,0.42857142857142855
1400,0.11904761904761904
1401,0.23809523809523808
1403,0.21428571428571427
1404,0.3333333333333333
1405,0.3333333333333333
1411,0.5238095238095238
1412,0.23809523809523808
1413,0.2619047619047619
1415,0.5714285714285714
1417,0.4523809523809524
1418,0.38095238095238093
1419,0.38095238095238093
1421,0.5
1425,0.21428571428571427
1426,0.5
1430,0.5476190476190477
1431,0.5
1433,0.5952380952380952
1435,0.6190476190476191
1436,0.47619047619047616
1437,0.14285714285714285
1438,0.5
1439,0.47619047619047616
1442,0.6190476190476191
1443,0.42857142857142855
1445,0.5238095238095238
1446,0.5714285714285714
1448,0.5476190476190477
1450,0.5
1451,0.4523809523809524
1452,0.5476190476190477
1453,0.47619047619047616
1454,0.23809523809523808
1455,0.5238095238095238
1460,0.5
1463,0.5
1464,0.5
1465,0.30952380952380953
1466,0.5952380952380952
1467,0.5
1468,0.5
1470,0.6190476190476191
1472,0.38095238095238093
1483,0.38095238095238093
1484,0.38095238095238093
1494,0.23809523809523808
1504,0.21428571428571427
1505,0.16666666666666666
1506,0.16666666666666666
1507,0.19047619047619047
1508,0.40476190476190477
1510,0.2857142857142857
1514,0.7380952380952381
1517,0.42857142857142855
1518,0.3333333333333333
1520,0.23809523809523808
1529,0.19047619047619047
1530,0.38095238095238093
1531,0.42857142857142855
1532,0.21428571428571427
1533,0.4523809523809524
1534,0.11904761904761904
1535,0.3333333333333333
1536,0.2619047619047619
1537,0.47619047619047616
1538,0.23809523809523808
1539,0.4523809523809524
1540,0.30952380952380953
1541,0.21428571428571427
1542,0.40476190476190477
1543,0.3333333333333333
1545,0.5
1546,0.4523809523809524
1547,0.23809523809523808
1548,0.2857142857142857
1549,0.23809523809523808
1550,0.19047619047619047
1551,0.40476190476190477
1552,0.4523809523809524
1554,0.2619047619047619
1555,0.5
1556,0.11904761904761904
1558,0.4523809523809524
1563,0.23809523809523808
1564,0.42857142857142855
1565,0.23809523809523808
1566,0.40476190476190477
1567,0.47619047619047616
1570,0.42857142857142855
1571,0.42857142857142855
1573,0.5
1574,0.5
1575,0.38095238095238093
1576,0.38095238095238093
1577,0.47619047619047616
1578,0.7857142857142857
1579,0.21428571428571427
1580,0.40476190476190477
1581,0.42857142857142855
1582,0.5
1585,0.14285714285714285
1586,0.5476190476190477
1587,0.5714285714285714
1588,0.5952380952380952
1589,0.5
1590,0.5714285714285714
1591,0.5714285714285714
1592,0.5952380952380952
1593,0.5952380952380952
1594,0.5952380952380952
1595,0.5952380952380952
1596,0.5952380952380952
1597,0.5952380952380952
1598,0.5714285714285714
1599,0.5714285714285714
1600,0.5952380952380952
1601,0.5952380952380952
1602,0.5714285714285714
1603,0.5714285714285714
1604,0.5714285714285714
1605,0.5714285714285714
1606,0.40476190476190477
1607,0.5952380952380952
1608,0.5952380952380952
1609,0.5952380952380952
1610,0.5952380952380952
1611,0.40476190476190477
1612,0.38095238095238093
1613,0.5952380952380952
1614,0.5952380952380952
1616,0.4523809523809524
1618,0.5952380952380952
1619,0.5714285714285714
1620,0.4523809523809524
1621,0.4523809523809524
1622,0.47619047619047616
1623,0.42857142857142855
1624,0.2857142857142857
1625,0.4523809523809524
1626,0.2619047619047619
1627,0.42857142857142855
1628,0.42857142857142855
1630,0.3333333333333333
1644,0.5952380952380952
1645,0.5952380952380952
1646,0.47619047619047616
1647,0.5476190476190477
1648,0.5476190476190477
1649,0.30952380952380953
1650,0.4523809523809524
1651,0.16666666666666666
1652,0.35714285714285715
1653,0.47619047619047616
1654,0.19047619047619047
1655,0.11904761904761904
1656,0.47619047619047616
1657,0.5476190476190477
1658,0.40476190476190477
1659,0.23809523809523808
1660,0.38095238095238093
1661,0.42857142857142855
1662,0.5
1663,0.3333333333333333
1664,0.16666666666666666
1665,0.30952380952380953
1666,0.4523809523809524
1667,0.5476190476190477
1668,0.5714285714285714
1669,0.2619047619047619
1670,0.5476190476190477
1671,0.30952380952380953
1672,0.14285714285714285
1673,0.2619047619047619
1674,0.2619047619047619
1675,0.2619047619047619
1676,0.2619047619047619
1677,0.2619047619047619
1678,0.2619047619047619
1679,0.2619047619047619
1680,0.2619047619047619
1681,0.2619047619047619
1682,0.2619047619047619
1683,0.2619047619047619
1684,0.2619047619047619
1685,0.2619047619047619
1686,0.2619047619047619
1687,0.2619047619047619
1688,0.2619047619047619
1689,0.2619047619047619
1690,0.2619047619047619
1691,0.2619047619047619
1692,0.2619047619047619
1693,0.2619047619047619
1694,0.2619047619047619
1695,0.2619047619047619
1696,0.2619047619047619
1697,0.2619047619047619
1698,0.2619047619047619
1699,0.2619047619047619
1700,0.2619047619047619
1701,0.2619047619047619
1702,0.2619047619047619
1703,0.2619047619047619
1704,0.2619047619047619
1705,0.2619047619047619
1706,0.2619047619047619
1707,0.2619047619047619
1708,0.2619047619047619
1715,0.23809523809523808
1716,0.23809523809523808
1717,0.23809523809523808
1718,0.23809523809523808
1719,0.23809523809523808
1720,0.23809523809523808
1721,0.23809523809523808
1722,0.23809523809523808
1723,0.23809523809523808
1724,0.23809523809523808
1725,0.23809523809523808
1726,0.23809523809523808
1727,0.16666666666666666
1728,0.14285714285714285
1729,0.16666666666666666
1730,0.16666666666666666
1731,0.3333333333333333
1732,0.3333333333333333
1733,0.3333333333333333
1734,0.2857142857142857
1735,0.5
1736,0.5
1737,0.30952380952380953
1738,0.21428571428571427
1739,0.21428571428571427
1740,0.21428571428571427
1761,0.42857142857142855
1762,0.38095238095238093
1763,0.14285714285714285
1764,0.47619047619047616
1765,0.42857142857142855
1766,0.3333333333333333
1767,0.09523809523809523
1768,0.047619047619047616
1769,0.47619047619047616
1770,0.2857142857142857
1771,0.38095238095238093
1772,0.5
1773,0.21428571428571427
1774,0.19047619047619047
1775,0.23809523809523808
1776,0.4523809523809524
1777,0.2857142857142857
1778,0.2619047619047619
1779,0.4523809523809524
1780,0.5476190476190477
1781,0.5476190476190477
1782,0.5476190476190477
1783,0.2619047619047619
1784,0.5952380952380952
1785,0.2619047619047619
1786,0.2619047619047619
1787,0.30952380952380953
1788,0.3333333333333333
1789,0.5476190476190477
1792,0.5238095238095238
1793,0.38095238095238093
1794,0.40476190476190477
1795,0.5476190476190477
1796,0.35714285714285715
1797,0.47619047619047616
1798,0.5714285714285714
1799,0.23809523809523808
1800,0.2857142857142857
1801,0.2857142857142857
1802,0.35714285714285715
1803,0.23809523809523808
1804,0.09523809523809523
1805,0.47619047619047616
1806,0.14285714285714285
1807,0.19047619047619047
1808,0.21428571428571427
1809,0.2857142857142857
1810,0.21428571428571427
1811,0.3333333333333333
1812,0.2619047619047619
1813,0.4523809523809524
1814,0.2857142857142857
3862,0.23809523809523808
1815,0.35714285714285715
3863,0.2619047619047619
3864,0.3333333333333333
1816,0.5238095238095238
1817,0.30952380952380953
1818,0.2857142857142857
1819,0.2857142857142857
1820,0.23809523809523808
1821,0.38095238095238093
1822,0.11904761904761904
1823,0.21428571428571427
1824,0.38095238095238093
1825,0.3333333333333333
1826,0.23809523809523808
1827,0.23809523809523808
1828,0.23809523809523808
1829,0.23809523809523808
1830,0.35714285714285715
1831,0.30952380952380953
1832,0.38095238095238093
1833,0.38095238095238093
1834,0.38095238095238093
1835,0.38095238095238093
1836,0.38095238095238093
1837,0.38095238095238093
1838,0.38095238095238093
1839,0.23809523809523808
1840,0.23809523809523808
1841,0.23809523809523808
1842,0.23809523809523808
1843,0.23809523809523808
1844,0.23809523809523808
1845,0.16666666666666666
1846,0.16666666666666666
1847,0.16666666666666666
1848,0.16666666666666666
1849,0.16666666666666666
1850,0.16666666666666666
1851,0.16666666666666666
1852,0.16666666666666666
1853,0.16666666666666666
1854,0.16666666666666666
1855,0.16666666666666666
1856,0.16666666666666666
1857,0.16666666666666666
1858,0.16666666666666666
1859,0.16666666666666666
1861,0.16666666666666666
1862,0.16666666666666666
1863,0.16666666666666666
1864,0.16666666666666666
1865,0.16666666666666666
1867,0.16666666666666666
1868,0.16666666666666666
1869,0.16666666666666666
1870,0.16666666666666666
1871,0.16666666666666666
1872,0.16666666666666666
1873,0.16666666666666666
1874,0.16666666666666666
1875,0.16666666666666666
1876,0.16666666666666666
1877,0.16666666666666666
1878,0.16666666666666666
1879,0.16666666666666666
1880,0.16666666666666666
1881,0.16666666666666666
1882,0.16666666666666666
1883,0.16666666666666666
1884,0.16666666666666666
1885,0.16666666666666666
1886,0.16666666666666666
1887,0.16666666666666666
1888,0.16666666666666666
1889,0.16666666666666666
1890,0.16666666666666666
1891,0.16666666666666666
1892,0.16666666666666666
1893,0.16666666666666666
1894,0.16666666666666666
1896,0.16666666666666666
1897,0.16666666666666666
1898,0.2619047619047619
1899,0.16666666666666666
1900,0.16666666666666666
1901,0.16666666666666666
1902,0.16666666666666666
1903,0.16666666666666666
1904,0.16666666666666666
1905,0.16666666666666666
1906,0.16666666666666666
1907,0.16666666666666666
1908,0.16666666666666666
1909,0.16666666666666666
1910,0.16666666666666666
1911,0.16666666666666666
1912,0.16666666666666666
3960,0.2857142857142857
1913,0.16666666666666666
3961,0.38095238095238093
1914,0.16666666666666666
3962,0.42857142857142855
1915,0.16666666666666666
3963,0.35714285714285715
1916,0.16666666666666666
1917,0.16666666666666666
1918,0.16666666666666666
1919,0.16666666666666666
1920,0.16666666666666666
1921,0.16666666666666666
1922,0.16666666666666666
1923,0.16666666666666666
1925,0.16666666666666666
3974,0.19047619047619047
1926,0.3333333333333333
3975,0.19047619047619047
1927,0.4523809523809524
3976,0.23809523809523808
1929,0.2857142857142857
3977,0.23809523809523808
1930,0.11904761904761904
3978,0.35714285714285715
1931,0.30952380952380953
3979,0.2857142857142857
3980,0.5
1932,0.5
1933,0.38095238095238093
3981,0.30952380952380953
1934,0.23809523809523808
1935,0.40476190476190477
1936,0.38095238095238093
1939,0.5
1940,0.5476190476190477
1941,0.42857142857142855
1942,0.40476190476190477
1943,0.23809523809523808
1944,0.5
1945,0.2619047619047619
1948,0.16666666666666666
1950,0.42857142857142855
1952,0.2619047619047619
1953,0.16666666666666666
1954,0.16666666666666666
1955,0.30952380952380953
1956,0.38095238095238093
1960,0.40476190476190477
1961,0.30952380952380953
1962,0.3333333333333333
1963,0.38095238095238093
1964,0.42857142857142855
1965,0.38095238095238093
1966,0.30952380952380953
1968,0.35714285714285715
1969,0.2857142857142857
1970,0.3333333333333333
1971,0.23809523809523808
1972,0.7619047619047619
1973,0.16666666666666666
1974,0.23809523809523808
1975,0.4523809523809524
1976,0.42857142857142855
1977,0.21428571428571427
1978,0.2857142857142857
1979,0.35714285714285715
1981,0.14285714285714285
1982,0.35714285714285715
1983,0.42857142857142855
1984,0.3333333333333333
4032,0.19047619047619047
1985,0.19047619047619047
4033,0.47619047619047616
1986,0.16666666666666666
4034,0.42857142857142855
4035,0.30952380952380953
1987,0.19047619047619047
1988,0.3333333333333333
1989,0.42857142857142855
1990,0.40476190476190477
1991,0.40476190476190477
1992,0.40476190476190477
1993,0.38095238095238093
1994,0.40476190476190477
1995,0.35714285714285715
1996,0.5238095238095238
1997,0.35714285714285715
1998,0.35714285714285715
1999,0.47619047619047616
2000,0.21428571428571427
2001,0.35714285714285715
2002,0.5
2003,0.40476190476190477
2004,0.4523809523809524
2005,0.5238095238095238
2006,0.5238095238095238
2007,0.5238095238095238
2008,0.5238095238095238
2009,0.5476190476190477
2010,0.5476190476190477
2011,0.5714285714285714
2012,0.5714285714285714
2013,0.5476190476190477
2014,0.5476190476190477
2015,0.5476190476190477
2016,0.5476190476190477
2017,0.2857142857142857
2018,0.2857142857142857
2019,0.6190476190476191
2020,0.16666666666666666
2022,0.2619047619047619
2023,0.38095238095238093
2024,0.47619047619047616
2025,0.47619047619047616
2026,0.42857142857142855
2027,0.5476190476190477
2028,0.5476190476190477
2029,0.5476190476190477
2030,0.5476190476190477
2032,0.47619047619047616
2033,0.5
2038,0.6904761904761905
2040,0.42857142857142855
4095,0.5476190476190477
