Id,geacron_similarity,concept_similarity
1095,0.8889,-1
377,0.8374,0.78977042629907
1199,-1,0.78046241982331
1933,-1,0.80341745492408
167,0.9106,0.88357442248744
426,0.8845,0.76212564713498
1236,0.8412,-1
1809,-1,0.80256815989783
1350,0.8329,-1
1613,-1,0.81308684013153
177,0.8955,0.950920550135085
1518,0.8875,0.75383680579162
1665,-1,0.74981277915944
2032,-1,0.79188584223379
125,-1,0.79499654870829
572,-1,0.79896548528449
114,-1,0.65514879442164
614,-1,0.75572881721412
140,0.8402000000000001,0.8439944663868599
1197,0.8845,0.81815281864376
2105,-1,0.79722946351783
1732,-1,0.77211181201826
817,0.8938,0.79647124564396
383,0.9444,0.76501510202917
1984,-1,0.76114093567425
1644,-1,0.8131511782034699
1896,-1,0.73788546862088
433,0.8325,0.7923460724944
1715,-1,0.74760675050806
1014,-1,0.77003384513848
1861,-1,0.7370793786726499
592,-1,0.79690982972386
2008,-1,0.88271535997798
238,0.8862,-1
1618,-1,0.76507858931661
1912,-1,0.7386878848152101
1946,0.8879,-1
1476,0.922,-1
704,-1,0.71262733921594
1318,-1,0.7377901051746301
554,-1,0.7973801018028
1865,-1,0.73725330949801
450,-1,0.7411544156801699
1841,-1,0.73858757604365
1449,0.8826,-1
1316,-1,0.76617084783363
1201,0.8878,-1
651,0.8323,0.79084341324474
1214,0.8180000000000001,-1
902,0.8865,0.7489923978619499
1882,-1,0.7386842705400001
971,0.8879,0.79209469211488
1023,0.8337,0.822713857582
1172,0.8311,-1
591,-1,0.71261865298341
184,0.8852,0.77207978735106
1324,0.8423,-1
1721,-1,0.7476288217477001
1315,0.8887,0.7459566293095
808,0.831,0.82491189599419
686,0,-1
159,0.8936999999999999,0.75576067066588
1826,-1,0.72579825580574
103,-1,0.7873550801632
1011,-1,0.77687802049647
425,0.8845,0.73671620811892
1675,-1,0.74005777190697
1696,-1,0.7406789616281599
1459,0.8929,-1
1307,0.8876,0.7566150210477101
1233,0.8427,0.77850044134012
1957,0.9052,-1
818,0.8938,0.936112489628941
1082,0.8852,0.7273476565761
1114,1.0,0.9999280135835683
1608,-1,0.80836137160578
163,0.8891,0.77817926574926
44,0.9325,0.76680450651514
677,0.8405,0.86784375703435
105,-1,0.70170944485653
1893,-1,0.73870041494828
1521,0.6663,-1
372,0.8887,0.79345776778423
792,0.8869,0.78005268231623
1489,0.8402000000000001,-1
1786,0.8311999999999999,0.7393309778410699
46,0.8758,0.74898376206885
360,0.8329,0.79762540546666
713,0.8875,0.79109252049713
1097,0.8889,-1
1779,-1,0.74321171961996
326,0.8282,-1
1798,-1,0.78747799760939
439,0.8815,0.7656877892496
738,0.9483,0.89684384423868
357,0.8329,-1
1125,0.9,0.87797825669976
153,0.8411,-1
1740,0.8852,0.7333943235390801
595,-1,0.78492102395472
628,-1,0.7457707752963201
709,-1,0.765487408248
1303,0.8392,-1
1462,0.8929,-1
615,-1,0.70057041966333
809,0.831,0.81903266371522
228,0.8854,0.76154408272261
1625,-1,0.7923163892827401
1762,-1,0.75649027696053
1598,-1,0.80501871161628
240,0.8875,0.7173144648684799
1784,-1,0.80151107903711
875,0.8908,0.74492147169766
137,0.8828,-1
635,-1,0.77336967411219
764,0.8311999999999999,0.87445823502135
558,0.8891,0.76007488937433
622,0.7823,0.77846328638636
2015,-1,0.83058241442689
1389,-1,0.7792552298862
1176,0.7805,0.80968712618222
418,-1,0.70302958187404
32,0.8828,-1
1003,0.84,0.7703354816132599
14,0.7663,-1
1661,-1,0.76252294035598
1309,0.8888,0.7254508721804
1271,0.8495,-1
1560,0.9299999999999999,-1
1953,-1,0.73693371741809
787,-1,0.78945175362875
1736,0.8929,0.76832229055862
448,-1,0.73852614789722
1044,0.8337,0.7608431556219399
295,-1,0.79497266586603
658,0.8852,0.77477050524497
1922,-1,0.73869771089945
459,-1,0.79170051035575
632,0.8894,0.7759156817809401
1682,-1,0.74197674508877
1968,-1,0.75400201379605
181,0.8401000000000001,-1
1868,-1,0.73867727427368
97,0.8936999999999999,0.75874934891372
1821,-1,0.7984357795213
1561,0.9299999999999999,-1
1654,-1,0.75888154865542
1424,0,-1
313,0.9483,0.7684536668081
1499,0.8606,-1
1275,0.83,-1
149,0.8421,0.973846944368225
1022,0.8337,0.76636654869883
144,0.8394,0.7495473704685001
132,-1,0.77493952065815
816,0.8938,0.74273105235962
2029,-1,0.89013519140513
915,0.8875,0.76462585453068
559,-1,0.7341783491653799
1988,-1,0.75753660018839
673,-1,0.79938858842115
1563,0.8835999999999999,0.762213398559
1570,0.8336,0.78449416668634
582,0.881,-1
115,-1,0.66702832863034
567,-1,0.7501710371209
964,-1,0.75928055378062
1884,-1,0.73706741429085
675,0.8405,0.86776405097554
1523,0.6879,-1
974,-1,0.81106717723967
1185,-1,0.78890733536331
489,0.9075,0.76587367542396
1494,0.8899,0.73521926041088
466,-1,0.70136369752018
1278,0.8329,0.7721572041541
1888,-1,0.7372704527624
1512,0.9106,-1
1881,-1,0.7386871631742999
805,0.8881,0.77366742036446
956,0.89,0.7976399729299
1995,-1,0.74986953543286
1021,-1,0.77742703354059
674,-1,0.73036432572056
1845,-1,0.7374185554731
273,0.7805,0.81496212554602
905,0.8862,0.77249402810738
1143,-1,0.72784359911982
1950,-1,0.7715360261058399
205,0.8308,0.7874606260571699
268,0.8305,0.74043103315817
1414,0.8869,-1
1015,0.8337,0.7850953572741
2063,-1,0.88223954809899
1441,0.8709,-1
419,-1,0.7901830884333501
1045,0.8405,0.942959142393053
702,-1,0.71345035146567
1698,-1,0.73981026430558
1588,-1,0.78969358355538
1413,-1,0.7644220571959199
1103,0.8983,-1
1186,0.8488,-1
207,0.8305,0.79979734165101
1149,-1,0.74945805404242
1261,0,-1
780,0.8845,0.77702619925783
1317,-1,0.80294444909843
2040,-1,0.80227983609784
1366,0.8329,0.76179595678392
1061,0.8326,0.5707129739172301
129,-1,0.7271049247404799
130,0.9304,0.79214171917032
18,0.8323,0.79450160261501
1871,-1,0.73726811672857
1564,0.8895,0.81533921515118
2041,0.9437,-1
1906,-1,0.7393953024880799
839,0.8392999999999999,0.80376470695763
2097,-1,0.77033969105273
1229,0.8441,0.80116267132053
1501,0.8606,-1
833,0.3901,-1
1429,0.9299999999999999,-1
1000,0.8401000000000001,0.86714382520407
192,0.8464,-1
297,0.8486,0.76056640188042
1340,0,-1
927,-1,0.8955096077343601
1827,-1,0.7263519939095799
21,0.8968,-1
1137,0.8303,-1
1986,-1,0.72518852199576
1062,0.8326,0.935859255292281
1746,0.8826,-1
549,-1,0.8276568856989099
1260,-1,0.80530999390884
1495,0.9185,-1
52,0.9444,0.76347210862788
285,0.8321000000000001,0.73662484269049
1948,0.8879,0.73357823313381
1602,-1,0.8052927328902
1372,0.8395,-1
553,-1,0.8140504182770301
1298,-1,0.76607256116017
1703,-1,0.74011156415834
854,-1,0.7648042195669
969,0.9483,-1
283,0.8331999999999999,-1
1525,0.6663,-1
598,0.9444,0.78177216258267
1364,0.8329,-1
618,-1,0.7113715665747
733,0.9483,0.917105979344358
917,0.8362,0.7592368772112
277,0.8357,0.75934705479082
882,0.9195,0.78459291685824
811,0.8331,0.87022646300271
468,0.8876,0.7789720868298
1069,0.8891,0.8162463414658601
1664,-1,0.74436192971479
1850,-1,0.73867057944976
151,0.8975,0.88225185596478
1583,0.873,-1
436,0.8888,0.7285712224218
1262,0.8894,0.79183791234926
1468,0.8896,0.77034949400913
1477,0.9201,-1
1067,0.8365,0.77333308003193
472,-1,0.81768080747787
1270,-1,0.80204497541754
1070,0.8392999999999999,-1
1694,-1,0.74197469267719
1917,-1,0.73942380919297
919,0.8865,0.7592229482817701
1595,-1,0.80825405532728
1046,0.8405,0.7512930640976501
807,0.8881,0.77024964045009
282,0.88,0.7423736490379
1493,0.8995,-1
920,0.8877,0.78376105110461
1430,0.8427,0.78122934724008
279,0.8891,0.7489048648527701
1869,-1,0.7374371640833
71,-1,0.7755237008961
1687,-1,0.74005157695672
1211,0.8405,-1
1808,-1,0.77135791096092
2098,-1,0.7703338175711
1647,-1,0.81747545572449
4,0.6879,-1
1194,0.8845,0.82133963225409
801,0.32010000000000005,-1
1164,0.8826,-1
309,0.8647,-1
931,-1,0.89550324849042
91,-1,0.7359180369285
1009,0.8337,0.74243126242531
1085,0.8952,0.7366590345738
1578,0.8336,0.87608075234216
789,0.8869,0.79501838459982
1135,0.9435,-1
160,0.8896,0.74238225928367
1704,-1,0.73981415031038
1900,-1,0.73941538722782
947,0.8903,0.80687026654781
1515,0,-1
1902,-1,0.73789099559661
412,0.8964,0.76236556055445
2090,-1,0.77037278258528
705,0.8392999999999999,0.8930709318914
1794,-1,0.8407197470069
1310,0.8387,0.78024143608136
599,0.8382000000000001,0.76554119217991
1060,0.8326,0.967179252905838
413,-1,0.79828567068602
1145,-1,0.8112417277141
793,-1,0.7416901567779199
211,0.9106,0.71669694806251
921,0.8876,0.76352803839865
112,-1,0.68302764639028
650,0.884,0.76985129385045
871,0.8888,-1
2037,0.977,-1
1994,-1,0.75781751892222
2,0.6879,-1
691,-1,0.69597242934369
1296,0.8835999999999999,0.7796900657156101
67,0.8396,0.74956164601451
982,0.8911,0.76422614546442
1385,0.8334,0.73758548194438
1876,-1,0.73940785074606
1923,-1,0.73869261449233
1086,0.8952,-1
342,0.8329,0.78544984227542
397,0.8891,0.75558884644559
263,0.8849,0.75582327495834
1931,-1,0.76383073551661
895,0.8896,0.88080594986574
1286,-1,0.80499282606213
1074,0.9437,-1
1992,0.8282,0.80174248685337
972,0.8879,0.7724935448549299
1263,0.8409,-1
1768,-1,0.65662019539024
841,0.9277,-1
1972,0.841,0.89774404970833
1306,0.8392,0.7385853031241401
1041,0.8337,0.7765371357413
53,-1,0.78089169470245
1717,-1,0.74731286699682
80,-1,0.79470993866204
1925,-1,0.73870275534144
1744,0.8826,-1
1858,-1,0.73939910526399
146,0.9936,-1
435,0.8848,0.75427691399092
375,0.8384,0.7471422474980001
1213,-1,0.78713837122728
165,-1,0.8064852197894
1291,0.8835999999999999,0.77581836018533
1733,-1,0.77474026052766
98,0.9106,0.76355138579162
845,0.8403,-1
948,0.8908,0.76636170633708
1586,-1,0.75835637702531
201,0.8891,0.907114405385592
1905,-1,0.73742130726548
1627,0.8899,0.76336328052617
1055,0.8311999999999999,-1
1290,0.8835999999999999,0.77579627839832
1371,0.9106,-1
40,-1,0.7520860947583801
1121,0.896,0.9356970590960481
34,0.5408,-1
1008,0.8337,0.74580531581175
493,-1,0.70968995622673
952,0.9106,0.78341549781866
1155,-1,0.76717147302885
900,0.8865,0.7495437750578999
136,0.8579,0.7557290394719101
224,0.8875,0.8596284594468799
1747,0.8826,-1
256,0.888,0.77477789702318
39,0.8891,0.75021251612702
2103,-1,0.79722924745289
451,-1,0.76689505920047
1373,0.9106,-1
989,0.896,0.77158893459449
402,-1,0.80083885417495
1914,-1,0.73708673978062
1500,0.9106,-1
434,0.8869,0.78390877385276
401,0.8876,0.7454665535652
1556,-1,0.71715877142714
1526,0.6663,-1
173,0.9009,0.88811391624197
1799,-1,0.75320473957976
317,0.8899,-1
1072,0.8327,0.74737636155909
973,0.8879,0.77249744951067
1855,-1,0.73708419576486
555,-1,0.69876169104599
374,0.8869,0.7457737903394
979,0.9483,0.7637043975348801
898,0.8865,0.7803299781984
729,0.9483,0.914164985213464
1683,-1,0.74133604722028
157,0.8875,0.79164741221031
1765,-1,0.79339343164147
209,0.8306,0.75950363324483
1597,-1,0.80822704432527
1641,0.9021,-1
784,-1,0.76956675744597
1326,0,-1
1338,0,-1
1630,-1,0.7844310929042599
846,0.8336,0.84605345024653
836,0.8392999999999999,0.80830722935476
1417,0.8874,0.75870847564841
241,0.8329,0.79357282112271
1328,0.8888,-1
934,-1,0.89549006749448
1212,0.8722,-1
1847,-1,0.7372364977781201
879,0.9253,0.78985642537868
1587,-1,0.79325451268722
1432,0.8995,-1
1971,-1,0.76450884090721
945,0.9101,0.78341429758566
1766,-1,0.77961912230439
1790,0.92,-1
1848,-1,0.7379012239528999
1378,0,-1
150,0.8975,0.82437744708515
1254,0.83,0.7942680567371501
1616,-1,0.74491986195144
983,0.8911,0.74968150427357
1154,-1,0.66366592140489
1553,0.9218999999999999,-1
1012,-1,0.78545892263867
831,0.8409,-1
423,0.8845,0.7324232359342999
1382,0.8329,0.75916628674355
2013,-1,0.83115641381881
695,-1,0.67356194224784
1792,-1,0.76682383246839
1833,-1,0.75524314969448
1223,0,0.74752305525773
84,-1,0.75955721834061
1051,0.8858,-1
1695,-1,0.7413556900864899
1349,0.8329,-1
299,0.8451,0.77035682152531
1555,0.885,0.83311414140752
161,0.8874,0.74734172450054
703,0.8321000000000001,0.76025066397973
545,-1,0.71340781252594
698,-1,0.76718913182098
1572,0.8,-1
602,-1,0.75663812463243
1810,-1,0.80256845200839
2093,-1,0.77033357895919
1907,-1,0.73940306538294
883,0.8472999999999999,0.784497988946
832,0.8409,0.80397927041908
1788,0.8311999999999999,0.77826291888358
748,0.8891,0.8689026419133901
876,0,0.77402486621024
1352,0.8329,-1
1544,0.45009999999999994,-1
1362,0.8329,-1
1603,-1,0.8008642421586
1890,-1,0.7370929341529
533,0.8828,-1
1038,0.8337,0.78127412027
88,-1,0.77935691169928
1558,-1,0.81444006054256
596,0.9444,0.80598067632495
1546,-1,0.77362184699068
1935,0.834,0.80564970112426
745,0.8891,0.8821368928299
1668,-1,0.77879060691639
1314,0.8887,0.80889282197209
1312,0.8387,0.76507529398062
1496,0,-1
1891,-1,0.73710607067926
1131,0.8885,-1
1844,-1,0.7399371408762
1177,0.8895,0.81533984120529
2092,-1,0.7703731744218401
874,0.8654999999999999,-1
1363,0.8329,-1
1032,0.8337,-1
868,0.8298,0.8681745655391699
992,0.8968,-1
767,0.8869,0.8690450964384699
292,0.8396,0.74985828113866
737,0.9483,0.7335589006102601
1838,-1,0.75768003256423
1105,-1,0.83318503616289
330,0.8356,0.88633954955367
1649,-1,0.76031909806453
74,-1,0.80848835138634
17,0.8323,0.79370447075518
287,0.8845,0.7793723796222101
1883,-1,0.73868877499205
1028,0.8337,0.7998390163457401
1356,0.8329,0.71154122739539
305,0.8387,0.76869584746904
1886,-1,0.73942393427225
1633,0.9021,-1
997,0.8912,0.945638782438459
453,-1,0.7442869665727601
210,0.5301,-1
1398,0,-1
1547,-1,0.76790781627255
1311,0.8387,0.79020441485864
858,-1,0.76675543740452
857,-1,0.76569155506439
411,0.9167,0.76346256297597
94,0.8596,-1
1585,-1,0.7230436572817001
221,0.8941,0.78511090027994
754,0.8969,-1
1168,0.884,0.89669463205895
563,0.8872,0.79694965066329
1658,-1,0.8024601618975999
2068,-1,0.8248271844328
1331,0.9264,0.76497413022589
102,-1,0.69095381848697
1846,-1,0.73940242707818
199,0.8869,0.85842624180663
1110,0.9119,-1
1773,-1,0.7384017353397301
1940,0.8855999999999999,0.8068203725676399
1859,-1,0.73725196857236
1875,-1,0.73744259625537
933,-1,0.89550453163325
1542,-1,0.8402327799081
1325,0.8423,0.78644215369187
892,0.8842,-1
278,0.8844,0.78329702310603
1224,-1,0.76797464506952
191,0.8869,0.8078389504979
1054,0.916,-1
242,0.8869,0.77386598266964
183,-1,0.85947567307188
721,0.8392999999999999,0.7655188301461
870,0.835,-1
960,0.8606,-1
1628,0.8899,0.76353335733788
608,0.888,0.77451643362599
575,0.9299999999999999,-1
1010,0.8337,0.7554553542639
148,0.9347,-1
1187,0.8029999999999999,-1
1222,0.8369,0.7617566619779
757,0.8429,0.86266388679097
1089,0.8918,-1
2007,-1,0.882712922806
225,0.892,-1
942,0.9,-1
603,0,0.950060023354921
1582,0.8336,0.7936446471783201
1455,0.89,0.76506892559483
612,0.8323,0.79182965738065
976,0.8902,0.85055962471262
204,0.8392999999999999,0.88978846332574
1383,0.8345,0.83094743160809
1464,0.8929,0.76807019611343
1778,-1,0.79374767030578
386,0.8407,0.78927533931476
923,-1,0.89548878264778
2024,-1,0.87838315315842
629,-1,0.79359027679338
258,0.8388,0.76871812082764
1047,0.9008,0.87584858072972
223,0.89,0.7981939104346
1251,-1,0.79049059431768
640,-1,0.72610947624029
138,0.9339999999999999,-1
318,0.8387,0.76573499164714
1832,-1,0.7588433456508901
1749,0.8826,-1
1225,0.8382000000000001,-1
623,0.7823,0.77846158944122
1180,0,-1
1761,-1,0.76886116117883
897,0.8871,0.76650877229159
1699,-1,0.74005463037451
444,-1,0.7793515560523601
1631,0.9021,-1
1880,-1,0.73708291316524
540,-1,0.8045249378189
346,0.8323,0.76700428282637
1757,0.8826,-1
96,-1,0.80328497798871
1538,-1,0.74277717680403
391,-1,0.71812040314828
254,0.8392999999999999,0.7474367754162901
779,0.8845,0.83268026033919
1472,0.78,0.77710265835974
1774,-1,0.76785113432015
362,0.8329,0.78406554373855
819,0.9126,0.943458354873621
1418,0.8341000000000001,0.8116497042123401
1955,-1,0.7482692042992201
837,0.8392999999999999,0.83961069553923
368,0.8329,0.8001579677346
10,0.46540000000000004,-1
914,0.8874,0.74452628041771
414,-1,0.7394844422937901
661,0.8329,0.79601220127526
594,-1,0.76982878359128
99,-1,0.71284951818338
1936,-1,0.7384113807186
1354,-1,0.78899564981072
802,0.8356,-1
848,0.8402000000000001,0.83228911157748
946,0.8849,0.75874741021597
1626,0.8886000000000001,0.74479525442519
1281,0.8862,0.75377646602557
260,0.8873,0.76391269781227
50,0.8904,0.82691162616014
1970,-1,0.76323607736966
41,-1,0.79664608970819
100,0.845,0.70958134062405
548,-1,0.80101366881083
1864,-1,0.73939776351501
250,0.8868,0.74263853119225
2038,-1,0.80404172214222
231,0.8879,0.76997861381219
1942,0.8842,0.79955585266617
1524,0.6663,-1
654,0.81,0.7664946684144001
2001,-1,0.75938690005642
1115,1.0,0.9999999833168005
1184,-1,0.70876055319785
424,0.8845,-1
2025,-1,0.87873230086059
406,-1,0.73646871964074
1112,1.0,0.9999280458572177
300,0.8505,0.79283653593819
1897,-1,0.7379011218429
288,0.8348,0.76014869284481
169,0.8424,0.78210216101932
259,0.8873,0.7661968107917
768,0.8307,0.86888144709219
353,0.8329,0.78745771556197
866,0.8902,-1
458,-1,0.7667682796442
465,0.8405,0.7914780484623201
378,0.7823,0.78200129290778
72,-1,0.78778705796244
76,0.9126,0.963764315489939
158,0.8398,0.74657325873557
333,0.9205,-1
457,-1,0.75523381954045
1375,0.834,0.7761518432629699
2078,-1,0.83826474539813
1898,-1,0.73612086227017
788,0.5701,-1
1344,0.837,0.76595781607481
1288,0.8835999999999999,0.79914928439003
1758,0.8826,-1
1679,-1,0.74012046504189
1169,0.8324,0.81360103023687
1943,0.8877,0.75552124382427
1962,-1,0.77360115146158
113,-1,0.6694121987146799
547,-1,0.76822311232453
899,0.8866,0.78241314748643
1901,-1,0.73726472713856
1795,-1,0.7815664454107201
1411,0.8525,0.7632652536678299
1609,-1,0.81342458025625
1919,-1,0.7379157584107601
1817,-1,0.78482449278112
128,-1,0.77242063562243
369,0.8329,0.7786576102089
1514,0.8412,0.973901899772189
1132,0.81,-1
639,-1,0.8075270985992
1157,-1,0.76645788703995
683,-1,0.72080369613517
986,0.8464,0.87759270362347
42,-1,0.7942231463024401
187,0.8369,0.75190243250793
376,0.8321000000000001,0.79341718694568
1660,-1,0.74494737751303
922,-1,0.89549687027359
1554,-1,0.7345975631159101
659,0.8329,0.80685561262696
1782,-1,0.75681829382745
2894,0.8176,-1
1949,0.8879,-1
561,0.7783,0.7757040183092
1020,0.40759999999999996,-1
1938,0.8855999999999999,-1
1591,-1,0.79983169111096
1651,-1,0.74288058891949
454,0.8431,0.7843904760135
891,0.9132,0.80183369060876
1396,-1,0.76379473140424
751,0.8894,0.88793986929869
1138,0.9435,-1
1822,-1,0.7197401889799799
988,0.896,0.76793216114715
1764,-1,0.80914194540618
1531,-1,0.76375079780965
1812,-1,0.79225879090418
1966,-1,0.72576986034101
222,0.8372999999999999,0.78245129809869
422,0.8845,0.73415571630775
270,0.8331,0.76367642914443
1206,0.85,0.76806991028804
2033,-1,0.78413699119064
156,0.8879,0.74472388046047
1401,-1,0.7964341566181801
936,-1,0.89550662262549
86,-1,0.7299542288904199
2006,-1,0.88475833283414
1367,0.9413,-1
1031,-1,0.75616909011857
740,0.8927,0.76040923572148
1448,0.8826,0.78567006969476
45,-1,0.77761174399935
1592,-1,0.81256278358889
1120,1.0,0.9921501736417401
147,0.8968,0.8248288535014701
120,-1,0.67378628386054
286,0.8321000000000001,0.76023402133032
741,0.8891,0.76727759451501
1078,0.8447,0.959535930618195
1581,0.8336,0.83061662043644
681,-1,0.77060627826763
1604,-1,0.80511722237397
1144,-1,0.7733993718386
1748,0.8826,-1
759,0.84,0.83938350747643
1929,0.886,0.7754766087660501
619,-1,0.73025244531076
1188,-1,0.80147914314032
438,0.886,0.7990424715817099
1686,-1,0.73980792973499
1293,0.8835999999999999,0.77598594556346
1575,0.8336,0.7960551544315599
1285,0.8893,0.81990220080458
443,-1,0.77463724414056
143,0.8363,0.77526031009507
679,-1,0.81425668203039
2069,-1,0.83012566293503
1301,0.9483,-1
995,0.8983,-1
2085,-1,0.77747427403032
1127,0.9,0.75318690396488
1387,0.8848,-1
798,0.8603000000000001,-1
1218,0.8706,-1
214,0.8891,0.75434041916263
267,0.8305,0.7529337726359799
1723,-1,0.74733198411898
1057,0.9038,0.76405956651435
1536,-1,0.7822832503312
194,0.8912,0.901805437492442
284,0.8321000000000001,0.73743823792318
1052,0.916,-1
1580,0.8336,0.76548692162095
348,0.8329,0.75409695303828
1035,0.8337,0.81704119570758
2073,-1,0.83012840394089
1965,-1,0.75632370135802
1690,-1,0.74068155098761
1066,0.9282,-1
1737,-1,0.7634235953189901
959,0.8392999999999999,-1
78,0.8565,0.82467690928533
1771,-1,0.76669822584639
394,-1,0.78372435466401
294,0.8948,0.7440317053221199
765,0.8874,0.88773095522611
2036,0.8828,-1
1520,-1,0.74238329655075
718,-1,0.77952091182406
1465,-1,0.78142908285449
1781,-1,0.76748139658058
806,0.8881,0.76131080862694
1928,0.8869,-1
1836,-1,0.7523360985180501
576,0.89,-1
1471,0.8868,-1
1702,-1,0.7406696703423801
1327,-1,0.74908811756296
152,0.8407,0.7552070340247901
2056,-1,0.89043411643944
327,0.8307,0.56791707499678
215,0.8872,0.79665039902689
2055,-1,0.83115707640481
1148,-1,0.67510627958793
1951,0.6611,-1
1208,0.8461,0.960742830106131
1835,-1,0.75181976664176
688,0,-1
1283,0.8861,0.7596671274261
1551,-1,0.7916267036276
1763,-1,0.7055093025532599
1104,0.8983,-1
2107,-1,0.76985051632802
492,-1,0.77341170235086
1685,-1,0.74013502328349
9,0.6879,-1
648,0,0.8650775037589999
1759,0.8826,-1
1230,0,-1
1323,-1,0.7833688082427099
2039,0.8828,-1
1219,0.8656,-1
916,0.8867,0.75588733137992
23,0.8849,0.72905349514106
886,0.9442,-1
89,-1,0.83038667311367
1484,0.8845,0.78971135790791
33,-1,0.920575820995848
1434,0.9117,-1
35,-1,0.88982138535543
1669,-1,0.7693028631102801
1840,-1,0.74060856275062
537,-1,0.75789791208624
65,0.8887,0.7228672407383601
1083,0.8902,0.72875007223126
1228,0.8379,0.78040979180684
1480,0.9218999999999999,-1
1153,-1,0.74476915497203
1351,0.8329,-1
1203,0.8896,0.77794924084432
1541,-1,0.76988031258276
1402,0.92,-1
1335,0.8779,-1
1467,0.8896,0.76545470819074
1565,-1,0.74082396991194
1004,0.8311999999999999,-1
251,0.8868,0.7285142629735599
2066,-1,0.83231941425131
588,-1,0.76080013161632
174,0.85,-1
189,0.8464,0.77600081443514
607,0.8308,0.7874663864939799
1697,-1,0.7401207031258901
794,-1,0.80253194909717
1667,-1,0.76483552030779
851,-1,0.7583526465027199
1466,-1,0.79026171723974
1337,0,-1
1487,0.8452,-1
2011,-1,0.83058403989762
387,0,0.7128350277498601
600,-1,0.70842660144311
1013,-1,0.77324170947691
1593,-1,0.8079293051198699
724,0.9483,0.92944372351418
626,0.8404,0.73279369265212
217,0.8891,0.78003172418332
542,-1,0.818740266538
1336,0,-1
1289,0.8835999999999999,0.76886446697265
1064,0.8326,0.5777907546199901
1726,-1,0.7479484290373299
1151,-1,0.61727741335301
385,-1,0.73926465499819
404,0.8405,0.7224164298876801
1394,0.9106,-1
930,-1,0.89550063134193
291,0.8354,0.7666452254422
95,0.8318,0.75898363314299
1961,-1,0.76519787070903
1453,0.8303,0.75083961306372
1751,0.8826,-1
1098,0.8889,-1
642,0,0.865098281526
814,1.0,0.942140021812595
1533,-1,0.80378165000755
1915,-1,0.73744865302686
303,0.8424,-1
570,0.9113,0.7597905733863299
1814,-1,0.78476669174562
1,0.6879,-1
182,0.6917,-1
1474,0.922,-1
1360,0.8329,-1
1952,-1,0.74283917492067
1904,-1,0.73869399180658
1800,-1,0.77702569052813
370,0.8862,0.76672039802713
824,0.8392999999999999,-1
864,0.8349,0.8728364524494601
1724,-1,0.74954309044962
51,-1,0.79953404684391
949,0.8606,0.7663447128217
61,0.8968,0.76006713575687
1527,0.6663,-1
331,0.7892,0.87755702901203
564,0.9106,-1
885,0.8995,0.78881395050458
22,0.8894,0.86628082082946
749,0.8891,0.87313470248581
1438,0.91,0.7600658117253
1797,-1,0.8226682699676
233,0.8849,0.77129660866743
244,0.8875,0.80111644957707
1347,0,-1
1921,-1,0.7371052970501399
1801,-1,0.7794697780496
190,0.8349,0.78159533812655
611,0.8323,0.7903115030365799
725,0.9483,0.88163974159356
2075,-1,0.84055573232804
924,-1,0.89550058554635
720,0.8392999999999999,-1
1738,0.8852,0.73339346006272
166,0.8902,-1
381,-1,0.7486325889265
310,0.8647,-1
384,0.8861,0.83040923832095
1272,-1,0.78322339498714
92,0.9483,0.79647610720598
264,0.8888,0.7689772232069501
1681,-1,0.74003316229174
352,0.8329,0.78971362065952
849,0.8402000000000001,-1
1659,-1,0.7379818498763999
1220,0.8258,-1
1612,0.8844,0.82017731363983
1637,0.9021,-1
1804,-1,0.71981137278768
913,0.8874,0.80213800374969
1481,0.995,-1
1420,0.8341000000000001,-1
813,0.8983,0.76383863635603
361,0.8329,-1
716,0.8395,0.76282699079995
1842,-1,0.7392113788991199
449,-1,0.76786957568488
1190,0.8899,0.7701031294685
1767,-1,0.71515587395541
49,0.8676,0.78441192775729
178,0.9126,-1
734,0.9483,0.958090884949585
785,-1,0.85198330640034
980,0.8911,0.76831551763241
1050,0.8885,0.78089907921665
660,-1,0.7169471770206
616,-1,0.69801352490373
1895,0.8828,-1
1624,-1,0.79547892559425
1017,0.8337,-1
890,0.8995,0.77925308821775
1454,0.8281000000000001,0.75619722314663
364,0.8329,0.7938357501346001
417,-1,0.81991606593484
862,0.8402000000000001,-1
1357,0.8329,-1
1094,0.8926000000000001,0.79116261756876
1599,-1,0.80055649401231
861,0.8392999999999999,-1
1182,0.8333,-1
746,0.8974,-1
699,-1,0.68058887391823
1640,0.9021,-1
1656,-1,0.7653315465819
1517,0.8366,0.78484416045282
19,0.8968,-1
529,-1,0.88355418902724
355,0.8329,-1
605,0.8306,0.944346399194736
440,-1,0.78894164981196
1124,0.8944,-1
1806,-1,0.7287983730386101
1969,-1,0.7476091565284599
2027,-1,0.89043727285551
583,0.8402000000000001,-1
1088,0.8914,0.76007853722919
293,0.884,0.77007577152013
1258,0.8302,0.78600378309651
37,0.8296,0.7389514006954501
116,-1,0.67375650903767
1179,0,-1
336,0.8768,-1
87,-1,0.76201848379944
1320,0.8887,0.78974452051233
1381,0.8329,0.80007751456419
1829,-1,0.72648250261122
247,0.8849,0.75944148435521
584,-1,0.77028099156566
1862,-1,0.7386812659856
2058,-1,0.86992884799597
1333,0.9304,0.75685679229016
382,0.9981,-1
1111,0.9119,-1
2059,-1,0.88223894588612
530,0.7663,-1
28,0.8321000000000001,0.73661116261546
261,0.8348,0.76718437684473
185,0.8849,0.80509490576305
2017,0.8388,0.76611880094135
1036,0.8337,0.7806723653017
1530,0.8425,0.78800309890909
1365,0.8329,0.76049080484962
220,0.8891,0.74992198828056
1863,-1,0.73743046190465
104,-1,0.7745046884889
1447,0.86,-1
164,0,0.7981320198081701
59,0.9021,0.78476985411363
735,0.9483,0.910716433989676
842,0.8392999999999999,-1
1803,-1,0.78491429541571
1049,-1,0.73588872058954
1954,-1,0.7377347959803999
1122,0.896,0.977376435270486
590,0.8975,0.82537883484446
1559,0.9299999999999999,-1
427,0.8845,0.76087543162989
1166,0.8894,0.79298597247809
193,0.8998,0.76249439143354
1079,0.833,0.951385804117791
245,0.8897,0.78967689943497
1652,-1,0.73134103653173
1503,0.9106,-1
197,0.8891,0.8561234205898101
1300,0.8392999999999999,-1
367,0.8329,0.79111608119218
1504,-1,0.77553876446475
322,0.8293,0.77523072636595
577,0.8397,0.7459802149882799
432,0.8877,0.7485234420383999
586,0.8392999999999999,-1
1399,0.8352999999999999,0.7809114604946901
134,0.7375,-1
141,0.8392999999999999,0.87156550782768
416,-1,0.7658668509811399
2031,0.8402000000000001,-1
55,0.9106,0.7844567888534499
1099,0.8889,-1
1200,0.7794,0.73912798977506
1947,0.8879,-1
281,0.8845,0.76041929763572
2016,-1,0.83058376007859
1445,0.8819,0.76326768794988
950,0.8849,0.78341804279086
2012,-1,0.82587437062319
1087,0.8402000000000001,-1
1716,-1,0.7472223882249001
852,-1,0.78693765425972
617,-1,0.70099606516905
1353,0.8328,0.71340213920075
343,0.8329,0.77866546673268
123,-1,0.7602447465391899
1379,0.8827,0.79528474342324
1677,-1,0.74135473028283
1878,-1,0.7372576278702
778,0.8845,0.7510107005733699
2014,-1,0.8326160794342901
1705,-1,0.74004640887169
441,-1,0.80422585107673
445,-1,0.77471785702231
124,0,0.76265110409078
1001,0.8394,0.88551720170383
73,-1,0.78037631735941
796,0.8904,0.75024355301722
2042,0.8579,-1
1386,0.8848,0.76693233870943
539,-1,0.7845852642312701
821,0.9482,0.78175870051074
1605,-1,0.80081948359709
2096,-1,0.77036046820322
1753,0.8826,-1
1819,-1,0.80017991382489
999,-1,0.6961015748719299
1662,-1,0.8007109427060299
1785,0.8311999999999999,0.73866121408705
108,-1,0.70456761302533
230,0.8861,0.80421275323859
1507,-1,0.75745837407639
1361,0.8329,-1
325,0.8405,0.942959745022536
1080,0.7601,-1
800,0.8362,-1
2021,0.9147,-1
30,0.8849,0.7290553538176501
766,0.8874,0.79064073165821
925,-1,0.89549956779175
1241,0.9413,-1
403,-1,0.76896289239388
162,0.8349,0.77065580040329
1945,0.8806,0.75291255962698
1783,0.8311999999999999,0.7378735437403801
850,0.8392999999999999,-1
762,0.8395,-1
1198,-1,0.78079661876377
1727,-1,0.74447786919812
552,-1,0.77640767949075
1722,-1,0.7472363430253
773,0.8845,0.76088629935567
1025,0.8337,0.80794561168211
56,0.9266,0.78643876539822
967,0.887,0.80374970325252
175,0,0.938783617080039
47,-1,0.78104743245683
1425,-1,0.77777588335545
1077,0.8447,0.959541785956754
1569,0,-1
1255,0.8606,-1
265,0.8873,0.76756099860586
1240,0.9471,-1
951,0.8849,0.7663561201107401
652,0.9483,0.79693417946629
604,-1,0.74919047787271
1926,-1,0.7764509622066
452,-1,0.7025524070169
929,-1,0.895506899565
1345,0.8328,-1
893,0.8703,-1
1016,0.8337,0.79468146958356
2089,-1,0.77747327642299
689,0,-1
1412,-1,0.76681204858325
1259,0.8432,-1
1939,0.8855999999999999,0.79601008372157
1805,-1,0.82550791550794
1370,0.8606,-1
1377,0,-1
226,0.8849,0.73854569026287
1745,0.8826,-1
965,0.887,0.79528219907259
1568,0,-1
235,0.8849,0.74608071197755
955,0.89,0.79474363723317
274,0.8305,0.82633758158671
464,0.8197,0.77858793334303
1183,0.8656,-1
1663,0.8349,0.77376299157462
935,-1,0.89550144959885
1193,0.8845,0.87909021692289
1874,-1,0.73869553930091
271,0.8331,0.78021002028612
906,0.8862,0.75446451693172
1562,0.9299999999999999,-1
1857,-1,0.73742061002132
663,-1,0.68479034637351
1174,0.8311,-1
1552,-1,0.77595858233667
2061,-1,0.88190444709547
1159,-1,0.78848927327024
587,-1,0.7800543881969599
1403,0.834,0.74601240777992
1329,0.8125,-1
696,-1,0.7186362464643
1245,0,0.7773371883922
2020,-1,0.73815162353338
1106,-1,0.78908326343681
829,0.8401000000000001,-1
859,-1,0.74399334419815
248,0.7823,0.7784653002997199
1421,-1,0.77546802459468
2019,-1,0.76697349071447
939,-1,0.87691020317785
1460,0.8929,0.80082161068121
347,0.8329,0.75104821918664
70,0.81,0.67174901313682
332,-1,0.84181705094415
1119,1.0,-1
1634,0.9021,-1
1516,0.8049999999999999,-1
996,0.9299999999999999,-1
1235,0.8401000000000001,-1
990,0.896,0.77156760828838
1601,-1,0.8084304179605
750,0.8891,0.89042485841393
1741,0.8826,-1
1209,0.9483,0.921612911028837
1018,0.8337,-1
1887,-1,0.7394243442006501
1397,-1,0.7318241037422499
687,0,-1
1419,0.8341000000000001,0.79472724906741
1076,0.8447,0.916201986496485
2102,-1,0.7906309711819199
437,-1,0.73048250658867
1623,-1,0.74200742609528
880,0.923,0.7883353369827399
195,0.9008,0.918823110593821
987,0.8464,-1
1993,-1,0.79661119119479
645,0,0.86267023127778
2079,-1,0.83977018244723
1109,0.8401000000000001,0.7634686591872399
1178,0.8497,-1
1404,-1,0.78284244273511
1693,-1,0.74006319671338
1390,-1,0.7735212472112301
760,0.8992,0.8819729320694
776,0.8845,0.81654686527489
1234,0.8392999999999999,-1
1639,0.9021,-1
1058,0.9038,-1
1266,0.8483,-1
940,0.8896,0.75044066718096
1725,-1,0.7487673224579601
1635,0.9021,-1
1852,-1,0.73939801156143
1666,-1,0.7465846431076699
57,0.8405,0.75318434127726
1550,-1,0.74180271499726
797,0.9435,0.79418423043591
536,-1,0.77588654711296
985,0.8464,0.78693026280418
262,0.8869,0.75583025813535
1002,0.8417,-1
1691,-1,0.7401326376286901
1167,0.8377,0.84990402905887
1451,0.8929,0.75541941047233
1534,-1,0.70898552244082
769,0.8879,0.921396388325034
219,0.8891,0.78004033977958
400,-1,0.70757740544114
1284,0.8861,0.76205118047372
863,0.8918,0.83490846307858
1920,-1,0.73708105085608
1932,-1,0.80957395076672
722,0.8896,0.76621709908887
1908,-1,0.73725845071267
1610,-1,0.80895131412314
27,0.8329,0.74940573402304
1728,-1,0.73458285388906
118,-1,0.71094398744497
656,-1,0.7558902106361001
1973,-1,0.74457497069471
1684,-1,0.74067725420998
834,0.8402000000000001,0.81835793785699
1107,-1,0.78074130183409
706,-1,0.71553553805101
2065,-1,0.83516198116675
227,0.8874,-1
1643,0.9021,-1
1657,-1,0.78055180371762
335,0.8336,-1
1837,-1,0.75756514241357
782,0.8862,0.75524126616653
2002,-1,0.78042131405586
2070,-1,0.83160036342857
179,0.8875,0.81001845905879
1671,-1,0.79016092728997
1332,0.9997,0.74964221911421
926,-1,0.89550411562203
1024,0.8337,0.81992176613197
1463,0.8929,0.7676226615637101
2062,-1,0.88190656175785
550,-1,0.73475903751603
155,0.8927,0.74110683710792
523,0.8464,-1
54,0.8425,0.78173011264331
75,-1,0.80609592797013
1918,-1,0.73727807899138
1975,-1,0.76297957397801
168,0.8849,0.87521195864964
1348,0.8328,-1
127,0.8297,0.74736791825351
694,-1,0.75095826333367
198,0.8908,0.90232145695972
462,-1,0.7733461542764299
430,0.899,-1
690,0,-1
1346,0.8901,0.7490012286030701
1268,-1,0.7964575423503499
928,-1,0.89550258722676
1195,0.8845,-1
630,-1,0.7803162340869401
634,-1,0.80265691585026
69,0.8873,0.73411685414641
887,0.8995,0.76912013895123
1818,-1,0.77585478958962
1646,-1,0.77527263389067
389,-1,0.72727693103591
405,-1,0.7942276555800201
312,0.9483,0.78189598898651
5,0.6879,-1
830,0.8409,0.8210749779272399
1589,-1,0.7661153948817
700,-1,0.70114005910371
1039,0.8337,0.79807366161022
2080,-1,0.83771017006841
2094,-1,0.77035105776032
1982,-1,0.77889396463897
761,0.8321000000000001,0.87774353453348
822,0.7805,0.75825789829494
1796,-1,0.77167121383325
1619,-1,0.77711262825103
1823,-1,0.74795057733447
1232,0.843,0.7796407737047
36,-1,0.87107384739188
1065,0.8647,-1
1431,0.8639,0.76859142324818
257,0.8887,0.77661267677846
1343,0.8328,0.73358125338527
390,0.8927,0.7563657527645
186,0.8875,0.8041200775513
1269,0.8483,-1
889,-1,0.74984508476442
538,-1,0.78191542150151
1287,0.8835999999999999,0.77116244901164
717,0.7805,0.7332679639249999
772,0.8282,0.74548843245481
1092,0.8902,-1
631,-1,0.73987789230138
2095,-1,0.77036646427486
676,-1,0.8046665641122
908,0.8866,0.77413324804976
1308,0.8888,0.72545353910293
534,-1,0.80376632630512
1706,-1,0.74196559434767
1450,0.8929,0.76841015797181
1750,0.8826,-1
932,-1,0.89549384593897
1173,0.8826,-1
1295,0.8835999999999999,0.78905247172737
1313,0.8887,0.78385207044799
1576,0.8336,0.79701987528648
728,0.9483,0.958029614582576
653,0.8942,0.907838022425952
551,-1,0.76711200149813
60,-1,0.7939121125791699
1853,-1,0.73724314759479
1889,-1,0.7379179917435901
2053,0.839,-1
1231,0,-1
620,-1,0.71502452623377
1388,-1,0.73060062909917
644,0,0.86516380715615
1673,-1,0.74011667627465
1911,-1,0.7386893017121
298,0.8504,0.77435048487475
237,0.8849,0.8104552302313
328,0.8357,0.84706549270844
1297,-1,0.76458583947425
1978,-1,0.73929010820364
392,-1,0.8032455906056299
1963,-1,0.74261699780613
1342,0.893,-1
1645,-1,0.8086450429066
1442,0.8709,0.8071137481566399
142,0.8323,0.79170525081855
1787,0.8311999999999999,0.76310912471467
2060,-1,0.88396122149989
1632,0.9021,-1
212,0.9106,0.76458070227466
2022,-1,0.74925543586228
1584,0,-1
1181,0.8421,0.79618863801883
1128,0.9,0.80053178861717
1777,-1,0.77954259877008
461,-1,0.7603466570628
85,-1,0.7488487274385001
206,0.8308,0.79413493051172
1802,-1,0.76732157055111
1511,0.9186,-1
1146,-1,0.7347946540044
1510,0.896,0.76930743631069
1446,0.87,0.77266720124537
1614,-1,0.80852304978696
1136,0.8303,-1
1123,0.896,0.960900367503121
1742,0.8826,-1
1735,-1,0.76886947762996
977,0.8902,0.905785101668487
958,0.8392999999999999,-1
421,0.8845,0.73217270721408
799,0.521,-1
521,0.894,0.75878815591906
1034,0.8337,0.79460288648276
1380,0.8471,-1
340,0.8329,-1
344,0.8329,0.78889987419192
1030,0.8337,0.81853638662172
6,0.6879,-1
984,0.9132,0.78174111981491
823,0.841,0.8684727193587201
646,0,0.86507903533038
1334,0.8908,-1
903,0.8865,0.81144030452267
388,-1,0.75683317492822
1369,0.8196,-1
2030,-1,0.89013923784585
1791,0.9292,-1
1202,0.8407,0.76543018187056
1160,-1,0.77368505165169
1416,0.8869,-1
865,-1,0.78863092784072
1150,-1,0.7031946583658
1998,-1,0.76427943328731
1033,0.8337,-1
1913,-1,0.73868540561393
1108,0.8392999999999999,-1
1246,0,0.77008871190643
843,0.8392999999999999,-1
981,0.8911,0.78444677671892
1027,0.8337,0.8281041919403
24,0.8887,0.7228812784876399
739,0.8891,0.81638340024271
1470,0.8896,0.76621057765338
1252,0.9075,0.98826303807427
1577,0.8336,0.8174996174491
83,-1,0.71919389933317
1811,-1,0.78134484208259
1161,-1,0.7263983101587199
1620,-1,0.73642374968177
1877,-1,0.73940286716702
1916,-1,0.7394129594501
431,0.8877,0.78281503449501
341,0.8329,0.76369436500137
838,0.8392999999999999,0.82128477407768
1958,0.9297,-1
589,0.8975,0.82516921607608
1410,0.8405,-1
216,0.8891,0.77796222149191
252,0.8871,0.74014665176824
1532,-1,0.7804753279263
145,0.8826,0.7660735587431999
786,-1,0.86455481528692
1979,-1,0.78859700767577
1090,0.8402000000000001,-1
306,0.9348,0.77124811568467
8,0.6879,-1
2099,-1,0.77034529372058
2074,-1,0.84346962009203
1770,-1,0.78558169657967
253,0.8992,-1
1594,-1,0.8128734569371701
828,0.8399,-1
1820,-1,0.76637322358756
791,0.8869,0.7915771837972
1368,0.8909,0.78152096772471
2104,-1,0.79063324110969
1789,0.8311999999999999,0.80782108898099
753,0.8894,0.80484621134696
1967,0.8989,-1
763,0.8873,0.87458865999467
1129,0.9,0.76727530014843
1941,0.8889,0.81068316510442
1653,-1,0.79953207202281
1171,-1,0.70643357361897
1607,-1,0.81274303543205
311,0.8948,0.73335350581575
1743,0.8826,-1
345,0.8329,0.75340094646521
1909,-1,0.73789699800509
1718,-1,0.74951921433612
1638,0.9021,-1
202,0.8606,0.89567151474296
363,0.8329,0.77368753051504
723,0.8896,0.77899267008338
991,0.8464,-1
1490,0.8449,-1
1406,0,-1
1730,-1,0.74638689633411
1029,0.8337,0.80694887841202
1535,-1,0.77544826915991
350,0.8329,0.79622937405351
1134,0.8308,0.819646279201
1274,0.8407,-1
881,0.8989,-1
316,0.8899,0.77686762023795
1825,-1,0.76313908962925
1118,1.0,-1
79,-1,0.7911141075470001
1831,-1,0.74997516494431
1226,-1,0.76094861919976
884,0.9064,0.78132474414619
1158,-1,0.76346387886106
1053,0.916,-1
680,-1,0.73815258274686
1776,0.8425,0.78319715879566
613,0.8384,0.74706877289853
544,0.928,-1
1793,-1,0.78561602144367
896,0.8896,0.84617287998241
275,0.8874,0.7657910187208801
1769,-1,0.78267579733816
1478,0.926,-1
1322,0.8887,0.7445998708236701
349,0.8329,0.80768188329845
1156,-1,0.62405448115896
1210,0.8405,-1
1063,0.8326,0.950877216229041
11,0.7663,-1
1959,0.9225,-1
1600,-1,0.81301871038951
354,0.8323,0.79119243989662
961,0.8867,0.76621411437669
1513,0.9483,-1
638,0.8873,0.76657733869917
1282,0.8861,0.76677929282473
1816,-1,0.80473828295568
366,0.8329,0.74941111587199
1755,0.8826,-1
2101,-1,0.77273103702213
1341,0.893,-1
937,-1,0.89549867787659
743,0.8891,0.76830943436448
1937,0.8892,-1
101,-1,0.79914956624836
1321,0.8887,0.78973848684934
569,0.9388,-1
2067,-1,0.82955855650121
1142,-1,0.76872383724648
827,0.8392999999999999,-1
877,0.9132,0.76291738285053
307,0.884,0.79283552554086
1981,-1,0.72835576563947
697,-1,0.74809048447258
1596,-1,0.81285090031305
744,0.8891,0.75945364159907
2077,-1,0.83282940930875
918,0.8874,0.74189143253849
1498,0,-1
1720,-1,0.7479312721467399
1391,-1,0.77270722803709
133,-1,0.78055627324949
1292,0.8835999999999999,0.77596269153034
853,-1,0.77151910268406
314,0.9483,0.76285359142839
463,-1,0.7356459153964
712,0.8878,0.78177151708996
1752,0.8826,-1
1648,-1,0.81327317749673
269,0.7805,0.75938509066516
873,0.8881,0.906656230767462
455,-1,0.77614343207062
606,0.8308,0.7887342871084
770,0.8967,0.73987099344025
894,0.844,-1
1405,-1,0.7828341910265599
442,-1,0.7643728832826799
1960,-1,0.8030349888364801
1509,0,-1
963,-1,0.78146824749639
1140,0.8988,0.7913973326759101
1775,-1,0.75941844424799
1674,-1,0.7398262951217001
1964,-1,0.75586239049623
171,0.8606,0.75628045193327
239,0.8875,0.72022067531906
1175,0.8318,0.74099489426409
678,-1,0.7345567852066099
371,0.7823,0.75165789002128
398,-1,0.7019403894962299
568,-1,0.79694820126542
1075,0.8447,0.76362994322181
810,0.8331,0.82046038322473
1302,0.8394,0.7782736737257
107,-1,0.67179267187437
2010,-1,0.83333869414837
795,0.8875,0.71932675208535
188,0.8901,0.79110938279453
1126,0.8344,0.86800389388684
1983,-1,0.79360949012655
25,0.8887,0.72288288807221
1130,0.8281000000000001,0.7476277402317699
1557,0.8652,-1
1780,-1,0.77117894604828
1043,0.8337,0.7546815602729899
953,0.8405,0.79455104639464
1091,0.8914,-1
1539,-1,0.8032403178654
1215,0.8326,-1
731,0.9483,0.926013034561983
803,0.891,-1
1573,0.8336,0.80798156438656
2023,-1,0.78322035280141
804,0.8941,0.79169492728409
1739,0.8852,0.73339966909966
82,-1,0.69352989741013
1374,0.8897,-1
154,0.8399,0.76014869207487
447,-1,0.77315168165136
998,-1,0.69357229344126
176,0,0.942095849800718
1528,0.6879,-1
122,0.88,0.7546510186672
68,-1,0.75150615979632
395,0.8894,0.76257259816929
1688,-1,0.7419864801046501
415,0.8848,0.74929826851275
872,0.8881,0.78754774517195
2000,-1,0.75065412685648
1250,0.8327,-1
1436,0.918,0.761721026375
1330,0.945,0.75699327443618
1006,0.8311999999999999,-1
1071,0.8075,-1
736,0.9483,0.922413144008762
1678,-1,0.74067626293537
1872,-1,0.73789682234789
715,0.8867,0.77273867451893
1056,0.9038,0.7280994848314399
1433,0.8899,0.76377090588005
399,-1,0.76504344148229
407,-1,0.73323699987706
393,0.8392999999999999,0.79309577920856
1152,-1,0.82538212533114
1672,-1,0.7334952378488799
970,0.8879,0.80850770465
1990,0.8282,0.77910601412651
593,0.9713,-1
1026,0.8337,0.81848568489372
1116,1.0,0.9921499643235289
1813,-1,0.78941737939814
365,0.8329,0.7989186055027699
573,-1,0.7363563995096201
2057,-1,0.87024505169496
2064,-1,0.8698623122301801
1529,-1,0.74257520233673
938,-1,0.89206897174891
777,0.8845,0.78939347235365
66,0.8392,0.71402787812679
1102,0.8916,-1
334,0.9065,0.76949542527569
1139,0.9,0.76717098350714
1279,0.8909,-1
1359,0.8329,-1
1522,0.6663,-1
1444,0.9299999999999999,-1
1141,0.9435,-1
911,0.8865,0.77898726905704
1384,0.8854,0.7897359050414701
1133,0.831,-1
38,0.8867,0.7727544796835
1772,-1,0.8364877520209
1506,-1,0.76108014028175
446,-1,0.74228069441305
847,0.8336,0.84615225040595
1257,0,-1
1824,-1,0.81496320663926
1227,0.8363,0.74370522308134
1856,-1,0.73867920265178
2026,-1,0.87886120829189
1007,0.8337,0.74497257882211
12,0.7663,-1
170,0.81,0.75629683563176
1305,0.8392,0.7512891200512399
229,0.8849,0.7491917786907201
338,0.8382000000000001,0.76104407903656
1655,-1,0.73479710198048
1189,0.8899,0.81576980198078
531,0.6663,-1
234,0.8852,0.73339895892146
684,-1,0.80760244695877
1276,0.8885,-1
1571,0.8336,0.78570636582695
1976,-1,0.79620126645914
255,0.8887,0.79469935702873
1611,-1,0.80196497581253
380,-1,0.79909480004767
968,0.887,0.80330687732905
1567,0.831,0.78597793205081
1540,-1,0.76822366207137
878,0.9132,0.78251622198385
1264,0.9015,-1
1423,0.8383,-1
1692,-1,0.73982725178354
1621,0.8899,0.76519128909719
1400,-1,0.72961347807377
249,0.8868,0.73893792193413
2081,-1,0.8377210035641001
1854,-1,0.7378941317629499
213,0.894,0.76041527389939
373,0.9068,0.80273553560862
359,0.8329,0.76659376727191
528,0.6879,-1
351,0.8329,0.7921577787896
208,0.8308,-1
962,0.8088,-1
1096,0.8889,0.75096385807425
1037,0.8337,0.78118439865432
339,0.8329,0.75678491589517
1843,-1,0.7383834523119299
901,0.8865,0.7431277535447001
1754,0.8826,-1
1163,0.839,0.78941791854457
77,-1,0.8944350245156
2072,-1,0.82955686863697
1165,0.8883,-1
1081,0.8596,-1
1005,0.8311999999999999,-1
196,0.9034,0.57294238588152
624,0.8404,0.7327252251833201
774,0.885,0.78835329167362
232,0.8849,0.76349895609486
1934,0.834,0.7333608839621599
1435,0.99,-1
1192,0.8848,-1
1989,0.886,0.7844616855808
1537,-1,0.8114643711924601
1191,0.8845,0.87026368788875
13,0.7663,-1
1807,-1,0.7602552596691
1927,-1,0.7899884749370201
410,-1,0.77836664708404
655,-1,0.89798462834999
708,-1,0.76145515639282
855,-1,0.7656655613095
1443,0.8351,0.79855959349315
81,-1,0.76253516748346
1426,0.8479,0.77921711824537
1944,0.8806,0.78980557500223
280,0.8404,0.74592645418272
2035,0.8828,-1
1437,-1,0.74683905335946
2106,-1,0.7698490029767
1549,-1,0.74829003370737
812,0.8349,0.77738788085524
840,0.8399,0.82978845381337
319,0.8391,0.75866559882504
909,0.8865,0.75505562094707
2005,-1,0.8830496734868
711,0.8878,0.79610351750597
2028,-1,0.89219669086235
1068,0.8904,0.8300348954232399
580,-1,0.77525434487079
1452,-1,0.77800213704169
1475,0.9218999999999999,-1
1355,-1,0.77396697318006
2100,-1,0.772729215544
682,-1,0.7498659132768399
1147,-1,0.61419877861809
1579,0.8336,0.75832838078073
1319,0.8869,0.7866687969691
1867,-1,0.73706322931472
2076,-1,0.83772272941353
1642,0.9021,-1
1815,-1,0.79462542389821
62,0.8891,0.76087519224009
1238,0.8427,-1
1392,0.8862,0.7462719234483399
641,0.8329,0.75169038694819
302,0.8917,0.76038883251873
1574,0.8336,0.80892387572303
460,-1,0.77328577866976
815,0.8895,0.950873325514653
610,0.888,0.77449734795001
756,-1,0.84014140310019
1830,-1,0.75551794254288
1280,0.8366,0.7367608920709
135,0.8329,0.80110362446747
358,0.8329,0.7844342372062401
1395,0.8689,-1
218,0.8891,0.77765723518386
966,0.887,0.7982633770643099
565,-1,0.79694999546804
1427,0.95,-1
719,0.8881,0.77944639778082
126,-1,0.70999983072435
1756,0.8826,-1
1760,0.8826,-1
1473,0.9307,-1
1849,-1,0.73707450243596
396,-1,0.76501261625982
2071,-1,0.82955721175541
597,-1,0.78141441553248
1505,-1,0.72572771915293
1997,-1,0.76619148418381
26,0.8887,0.72288284675768
2082,-1,0.83826411448421
1650,-1,0.80647979617531
941,0.8874,0.80566362140518
200,0.871,0.86994862917867
710,-1,0.72406799551792
243,0.8869,0.79038060337844
1393,0.8606,-1
835,0.8402000000000001,0.80972686514098
556,0.8968,0.76567029124318
1910,-1,0.73709411189342
301,0.8461,0.77128892329754
2091,-1,0.77034279971848
1339,0,-1
1731,-1,0.7481571808749701
428,0.8845,0.7331069399701899
1519,0.8431,-1
1479,0.7817000000000001,-1
1636,0.9021,-1
1839,-1,0.73871014857179
1899,-1,0.7374285878322
781,0.8862,0.75622107063384
1680,-1,0.73981413577186
1543,-1,0.75939865073013
1117,1.0,-1
1265,0.918,-1
1101,0.2701,-1
1996,0.8532,0.78615954055354
2018,-1,0.76611149800663
1892,-1,0.73870253645672
172,-1,0.915172739480187
1545,-1,0.7783711951686401
1991,0.8282,0.7846143168370701
1622,-1,0.78001458865827
1734,-1,0.75343722202783
1084,0.8956999999999999,0.73658739007999
1040,0.8337,0.80770220803859
730,0.9483,0.917300287810037
180,0.8606,0.79923032387167
323,0.8828,-1
1048,0.9775,-1
844,0.8407,-1
910,0.8865,0.77199191685629
1407,0.9183,-1
1903,-1,0.7371006977980801
867,0.8302,-1
1885,-1,0.73745792052732
888,0.8996,-1
1974,0.8347,0.74436205830752
1237,0.9143,-1
1042,0.8337,0.80390065540507
329,0.8376,0.85378948940476
1439,0.9483,0.76664816876305
58,0.9067000000000001,0.77795909682942
1304,0.8392,0.72569238360829
1701,-1,0.74134903594944
1977,-1,0.7374915894193901
943,0.8349,0.78340972564499
1606,-1,0.8019695235573701
541,-1,0.79744832757081
1894,-1,0.7387014155279801
1205,0.9299999999999999,-1
609,0.888,0.77632143870467
420,0.8845,0.74295608126369
1548,-1,0.7480519601931199
1590,-1,0.80435960635092
701,-1,0.73891959363253
1461,0.8929,-1
954,0.8405,0.77547603408761
64,0.885,0.77380626885604
1700,-1,0.74196878795963
994,0.8983,-1
308,-1,0.76078297023139
726,0.9483,0.944270421882641
1987,-1,0.7732309982143399
1422,0,-1
1376,0.8517,-1
1492,0,-1
1873,-1,0.73710103983206
820,0.9126,0.904534931420541
1956,-1,0.7906072181734101
296,0.8915,0.75669057400753
467,-1,0.7451723202032501
315,0.8899,0.7790059586586799
1059,0.9038,-1
752,0.8894,0.77673807837982
1502,0.8606,-1
1073,0.8327,0.73356472419133
289,0.8345,0.79306633597129
1719,-1,0.7487531353355901
783,0.8862,0.75523284635884
408,-1,0.79342216269616
1708,-1,0.7406604846305
139,0.9279,-1
1242,-1,0.77036448171437
1488,0.8402000000000001,-1
907,0.8861,0.80105259180097
429,0.888,0.76747493518058
732,0.9483,0.917307032326262
1930,-1,0.7611323549698901
1358,0.8329,-1
90,-1,0.80328579209505
1100,-1,0.7738087752959
574,-1,0.8119931901198401
1566,0.8306,0.75846951678425
1415,0.9325,0.75099296880621
1707,-1,0.74134375241045
775,0.8845,0.81654008453659
2054,-1,0.88304397356577
266,0.7805,0.74921446923
276,0.8347,0.75430550924072
1483,0.8849,0.79462543329751
43,-1,0.7946022225002201
707,0.9167,0.76346045273786
1676,-1,0.7419651369289599
1851,-1,0.73742803453443
456,-1,0.76526883891242
957,0.896,0.79831405608758
1670,-1,0.76315457716389
121,-1,0.74962702426452
3,0.6879,-1
1273,0.88,-1
2004,-1,0.87069618337955
1508,0.8886000000000001,0.82217597962553
1999,-1,0.76807545990865
290,0.8298,0.75918728808724
1828,-1,0.72634831667745
1629,0.8901,-1
1729,-1,0.74447895136232
1834,-1,0.75889947378611
1985,-1,0.72730701420417
203,0.8405,0.87545974760299
1221,0.8074,-1
2003,-1,0.87071412016515
2009,-1,0.8361609916002
727,1.0,0.923464619759669
1294,0.8835999999999999,0.77596576103863
856,-1,0.7536648232511101
1879,-1,0.73789707964381
1482,0.85,-1
1239,0.8733,-1
993,0.8968,-1
119,-1,0.6779830424155799
1019,0.8337,-1
975,0.8989,-1
1267,0.8483,-1
1093,0.8926000000000001,-1
585,0.8392999999999999,-1
579,-1,0.79662244771197
1689,-1,0.74136370112569
912,0.8861,0.76884376119567
337,0.9154,-1
379,0.7823,0.78028001393471
685,-1,0.80698706961377
1870,-1,0.7394160962444001
1170,0,-1
