17,0.42857142857142855
18,0.42857142857142855
22,0.14285714285714285
23,0.2857142857142857
24,0.2857142857142857
25,0.2857142857142857
26,0.2857142857142857
27,0.42857142857142855
28,0.42857142857142855
30,0.2857142857142857
33,0.14285714285714285
35,0.14285714285714285
36,0.14285714285714285
37,0.2857142857142857
38,0.7142857142857143
39,0.2857142857142857
40,0.7142857142857143
41,0.7142857142857143
42,0.7142857142857143
43,0.5714285714285714
44,0.7142857142857143
45,0.8571428571428571
46,0.7142857142857143
47,0.7142857142857143
49,0.8571428571428571
50,0.7142857142857143
51,0.7142857142857143
52,0.5714285714285714
53,0.7142857142857143
54,0.7142857142857143
55,0.7142857142857143
56,0.7142857142857143
57,0.7142857142857143
58,0.7142857142857143
59,0.7142857142857143
60,0.7142857142857143
61,0.2857142857142857
62,0.2857142857142857
64,0.5714285714285714
65,0.2857142857142857
66,0.2857142857142857
67,0.42857142857142855
68,0.2857142857142857
69,0.2857142857142857
70,0.5714285714285714
71,0.5714285714285714
72,0.7142857142857143
73,0.7142857142857143
74,0.7142857142857143
75,0.7142857142857143
76,0.8571428571428571
77,0.14285714285714285
78,0.7142857142857143
79,0.7142857142857143
80,0.7142857142857143
81,0.2857142857142857
82,0.42857142857142855
83,0.42857142857142855
84,0.42857142857142855
85,0.7142857142857143
86,0.5714285714285714
87,0.7142857142857143
88,0.5714285714285714
89,0.7142857142857143
90,0.5714285714285714
91,0.5714285714285714
92,0.5714285714285714
95,0.2857142857142857
96,0.5714285714285714
97,0.5714285714285714
98,0.5714285714285714
99,0.7142857142857143
100,0.5714285714285714
101,0.5714285714285714
102,0.42857142857142855
103,0.5714285714285714
104,0.7142857142857143
105,0.5714285714285714
107,0.5714285714285714
108,0.42857142857142855
112,0.7142857142857143
113,0.5714285714285714
114,0.42857142857142855
115,0.5714285714285714
116,0.5714285714285714
118,0.5714285714285714
119,0.7142857142857143
120,0.5714285714285714
121,0.8571428571428571
122,0.5714285714285714
123,0.5714285714285714
124,0.2857142857142857
125,0.8571428571428571
126,0.14285714285714285
127,0.42857142857142855
128,0.5714285714285714
129,0.5714285714285714
130,0.8571428571428571
132,0.5714285714285714
133,0.8571428571428571
135,0.42857142857142855
136,0.7142857142857143
140,0.2857142857142857
141,0.2857142857142857
142,0.2857142857142857
143,0.2857142857142857
144,0.5714285714285714
145,0.7142857142857143
147,0.14285714285714285
149,0.8571428571428571
150,0.5714285714285714
151,0.8571428571428571
152,0.42857142857142855
154,0.5714285714285714
155,0.2857142857142857
156,0.2857142857142857
157,0.5714285714285714
158,0.2857142857142857
159,0.2857142857142857
160,0.2857142857142857
161,0.2857142857142857
162,0.2857142857142857
163,0.7142857142857143
164,0.2857142857142857
165,0.8571428571428571
167,0.8571428571428571
168,0.8571428571428571
169,0.2857142857142857
170,0.2857142857142857
171,0.2857142857142857
172,0.5714285714285714
173,0.14285714285714285
175,0.8571428571428571
176,0.8571428571428571
177,1.0
179,0.2857142857142857
180,0.14285714285714285
183,0.14285714285714285
184,0.5714285714285714
185,0.7142857142857143
186,0.5714285714285714
187,0.42857142857142855
188,0.2857142857142857
189,0.7142857142857143
190,0.7142857142857143
191,0.5714285714285714
193,0.7142857142857143
194,0.8571428571428571
195,0.8571428571428571
196,0.8571428571428571
197,0.7142857142857143
198,0.5714285714285714
199,0.2857142857142857
200,0.2857142857142857
201,0.14285714285714285
202,0.8571428571428571
203,0.14285714285714285
204,0.14285714285714285
205,0.42857142857142855
206,0.42857142857142855
207,0.42857142857142855
209,0.42857142857142855
211,0.42857142857142855
212,0.2857142857142857
213,0.2857142857142857
214,0.2857142857142857
215,0.42857142857142855
216,0.2857142857142857
217,0.2857142857142857
218,0.2857142857142857
219,0.2857142857142857
220,0.2857142857142857
221,0.2857142857142857
222,0.2857142857142857
223,0.2857142857142857
224,0.8571428571428571
226,0.2857142857142857
228,0.2857142857142857
229,0.2857142857142857
230,0.42857142857142855
231,0.42857142857142855
232,0.42857142857142855
233,0.42857142857142855
234,0.2857142857142857
235,0.2857142857142857
237,0.2857142857142857
239,0.42857142857142855
240,0.2857142857142857
241,0.42857142857142855
242,0.42857142857142855
243,0.42857142857142855
244,0.42857142857142855
245,0.2857142857142857
247,0.42857142857142855
248,0.2857142857142857
249,0.42857142857142855
250,0.2857142857142857
251,0.42857142857142855
252,0.42857142857142855
254,0.2857142857142857
255,0.2857142857142857
256,0.2857142857142857
257,0.2857142857142857
258,0.2857142857142857
259,0.2857142857142857
260,0.2857142857142857
261,0.2857142857142857
262,0.42857142857142855
263,0.2857142857142857
264,0.14285714285714285
265,0.2857142857142857
266,0.42857142857142855
267,0.2857142857142857
268,0.42857142857142855
269,0.2857142857142857
270,0.42857142857142855
271,0.2857142857142857
273,0.2857142857142857
274,0.2857142857142857
275,0.2857142857142857
276,0.2857142857142857
277,0.2857142857142857
278,0.42857142857142855
279,0.42857142857142855
280,0.2857142857142857
281,0.42857142857142855
282,0.2857142857142857
284,0.42857142857142855
285,0.42857142857142855
286,0.42857142857142855
287,0.42857142857142855
288,0.2857142857142857
289,0.2857142857142857
290,0.42857142857142855
291,0.2857142857142857
292,0.2857142857142857
293,0.2857142857142857
294,0.2857142857142857
295,0.7142857142857143
296,0.7142857142857143
297,0.7142857142857143
298,0.7142857142857143
299,0.7142857142857143
300,0.7142857142857143
301,0.7142857142857143
302,0.7142857142857143
305,0.7142857142857143
306,0.7142857142857143
307,0.8571428571428571
308,0.7142857142857143
311,0.2857142857142857
312,0.7142857142857143
313,0.7142857142857143
314,0.14285714285714285
315,0.7142857142857143
316,0.7142857142857143
318,0.7142857142857143
319,0.7142857142857143
322,0.2857142857142857
325,0.2857142857142857
327,0.7142857142857143
328,0.2857142857142857
329,0.14285714285714285
330,0.14285714285714285
331,0.8571428571428571
332,0.2857142857142857
334,0.7142857142857143
338,0.2857142857142857
339,0.42857142857142855
341,0.2857142857142857
342,0.42857142857142855
343,0.42857142857142855
344,0.42857142857142855
345,0.42857142857142855
346,0.2857142857142857
347,0.2857142857142857
348,0.42857142857142855
349,0.42857142857142855
350,0.42857142857142855
351,0.42857142857142855
352,0.42857142857142855
353,0.42857142857142855
354,0.42857142857142855
358,0.42857142857142855
359,0.2857142857142857
360,0.42857142857142855
362,0.42857142857142855
363,0.42857142857142855
364,0.42857142857142855
365,0.42857142857142855
366,0.42857142857142855
367,0.42857142857142855
368,0.42857142857142855
369,0.42857142857142855
370,0.2857142857142857
371,0.2857142857142857
372,0.2857142857142857
373,0.7142857142857143
374,0.42857142857142855
375,0.42857142857142855
376,0.2857142857142857
377,0.8571428571428571
378,0.2857142857142857
379,0.2857142857142857
380,0.7142857142857143
381,0.42857142857142855
383,0.5714285714285714
384,0.7142857142857143
385,0.2857142857142857
386,0.7142857142857143
387,0.2857142857142857
388,0.2857142857142857
389,0.2857142857142857
390,0.42857142857142855
391,0.42857142857142855
392,0.7142857142857143
393,0.7142857142857143
394,0.7142857142857143
395,0.2857142857142857
396,0.5714285714285714
397,0.42857142857142855
398,0.5714285714285714
399,0.5714285714285714
400,0.42857142857142855
401,0.2857142857142857
402,0.7142857142857143
403,0.7142857142857143
404,0.2857142857142857
405,0.7142857142857143
406,0.42857142857142855
407,0.42857142857142855
408,0.7142857142857143
410,0.7142857142857143
411,0.42857142857142855
412,0.2857142857142857
413,0.8571428571428571
414,0.7142857142857143
415,0.5714285714285714
416,0.2857142857142857
417,0.5714285714285714
418,0.5714285714285714
419,0.7142857142857143
420,0.42857142857142855
421,0.2857142857142857
422,0.2857142857142857
423,0.42857142857142855
425,0.42857142857142855
426,0.42857142857142855
427,0.42857142857142855
428,0.42857142857142855
429,0.2857142857142857
431,0.42857142857142855
432,0.42857142857142855
433,0.42857142857142855
434,0.42857142857142855
435,0.2857142857142857
436,0.42857142857142855
437,0.42857142857142855
438,0.42857142857142855
439,0.2857142857142857
440,0.5714285714285714
441,0.5714285714285714
442,0.5714285714285714
443,0.5714285714285714
444,0.14285714285714285
445,0.42857142857142855
446,0.42857142857142855
447,0.42857142857142855
448,0.14285714285714285
449,0.5714285714285714
450,0.5714285714285714
451,0.42857142857142855
452,0.42857142857142855
453,0.42857142857142855
454,0.8571428571428571
455,0.7142857142857143
456,0.7142857142857143
457,0.7142857142857143
458,0.7142857142857143
459,0.7142857142857143
460,0.7142857142857143
461,0.7142857142857143
462,0.7142857142857143
463,0.5714285714285714
464,0.7142857142857143
465,0.8571428571428571
466,0.42857142857142855
467,0.5714285714285714
468,0.2857142857142857
472,0.5714285714285714
489,0.7142857142857143
492,0.5714285714285714
493,0.5714285714285714
521,0.2857142857142857
529,0.8571428571428571
534,0.5714285714285714
536,0.7142857142857143
537,0.7142857142857143
538,0.8571428571428571
539,0.8571428571428571
540,0.7142857142857143
541,0.5714285714285714
542,0.14285714285714285
545,0.5714285714285714
547,0.7142857142857143
548,0.42857142857142855
549,0.7142857142857143
550,0.2857142857142857
551,0.5714285714285714
552,0.8571428571428571
553,0.5714285714285714
554,0.5714285714285714
555,0.42857142857142855
556,0.2857142857142857
558,0.2857142857142857
559,0.2857142857142857
561,0.7142857142857143
563,0.5714285714285714
565,0.5714285714285714
567,0.2857142857142857
568,0.5714285714285714
570,0.2857142857142857
572,0.5714285714285714
573,0.2857142857142857
574,0.7142857142857143
577,0.2857142857142857
579,0.7142857142857143
580,0.5714285714285714
584,0.2857142857142857
587,0.7142857142857143
588,0.5714285714285714
589,0.5714285714285714
590,0.5714285714285714
591,0.2857142857142857
592,0.7142857142857143
594,0.2857142857142857
595,0.2857142857142857
596,0.5714285714285714
597,0.5714285714285714
598,0.5714285714285714
599,0.2857142857142857
600,0.14285714285714285
602,0.5714285714285714
603,0.8571428571428571
604,0.2857142857142857
605,0.8571428571428571
606,0.42857142857142855
607,0.42857142857142855
608,0.2857142857142857
609,0.2857142857142857
610,0.2857142857142857
611,0.42857142857142855
612,0.42857142857142855
613,0.42857142857142855
614,0.2857142857142857
615,0.14285714285714285
616,0.14285714285714285
617,0.14285714285714285
618,0.14285714285714285
619,0.14285714285714285
620,0.14285714285714285
622,0.2857142857142857
623,0.2857142857142857
624,0.42857142857142855
626,0.42857142857142855
628,0.2857142857142857
629,0.7142857142857143
630,0.5714285714285714
631,0.14285714285714285
632,0.2857142857142857
634,0.7142857142857143
635,0.5714285714285714
638,0.2857142857142857
639,0.5714285714285714
640,0.42857142857142855
641,0.42857142857142855
642,0.7142857142857143
644,0.7142857142857143
645,0.7142857142857143
646,0.7142857142857143
648,0.7142857142857143
650,0.2857142857142857
651,0.42857142857142855
652,0.7142857142857143
653,0.14285714285714285
654,0.2857142857142857
655,0.14285714285714285
656,0.5714285714285714
658,0.5714285714285714
659,0.42857142857142855
660,0.2857142857142857
661,0.42857142857142855
663,0.14285714285714285
673,0.7142857142857143
674,0.14285714285714285
675,0.14285714285714285
676,0.7142857142857143
677,0.14285714285714285
678,0.2857142857142857
679,0.8571428571428571
680,0.2857142857142857
681,0.2857142857142857
682,0.2857142857142857
683,0.5714285714285714
684,0.7142857142857143
685,0.7142857142857143
691,0.14285714285714285
694,0.2857142857142857
695,0.14285714285714285
696,0.2857142857142857
697,0.2857142857142857
698,0.2857142857142857
699,0.14285714285714285
700,0.14285714285714285
701,0.2857142857142857
702,0.2857142857142857
703,0.42857142857142855
704,0.42857142857142855
705,0.14285714285714285
706,0.42857142857142855
707,0.42857142857142855
708,0.7142857142857143
709,0.2857142857142857
710,0.42857142857142855
711,0.7142857142857143
712,0.5714285714285714
713,0.42857142857142855
715,0.7142857142857143
716,0.42857142857142855
717,0.2857142857142857
718,0.5714285714285714
719,0.5714285714285714
721,0.2857142857142857
722,0.2857142857142857
723,0.5714285714285714
724,0.2857142857142857
725,0.14285714285714285
726,0.2857142857142857
727,0.2857142857142857
728,0.2857142857142857
729,0.2857142857142857
730,0.2857142857142857
731,0.14285714285714285
732,0.2857142857142857
733,0.2857142857142857
734,0.2857142857142857
735,0.2857142857142857
736,0.14285714285714285
737,0.42857142857142855
738,0.2857142857142857
739,0.5714285714285714
740,0.5714285714285714
741,0.7142857142857143
743,0.7142857142857143
744,0.2857142857142857
745,0.5714285714285714
748,0.2857142857142857
749,0.14285714285714285
750,0.14285714285714285
751,0.2857142857142857
752,0.42857142857142855
753,0.5714285714285714
756,0.2857142857142857
757,0.8571428571428571
759,0.2857142857142857
760,0.8571428571428571
761,0.8571428571428571
763,0.8571428571428571
764,0.8571428571428571
765,0.8571428571428571
766,0.5714285714285714
767,0.8571428571428571
768,0.8571428571428571
769,0.8571428571428571
770,0.2857142857142857
772,0.5714285714285714
773,0.7142857142857143
774,0.5714285714285714
775,0.7142857142857143
776,0.5714285714285714
777,0.5714285714285714
778,0.14285714285714285
779,0.5714285714285714
780,0.7142857142857143
781,0.2857142857142857
782,0.2857142857142857
783,0.2857142857142857
784,0.5714285714285714
785,0.2857142857142857
786,0.2857142857142857
787,0.7142857142857143
789,0.5714285714285714
791,0.7142857142857143
792,0.7142857142857143
793,0.5714285714285714
794,0.8571428571428571
795,0.42857142857142855
796,0.42857142857142855
797,0.8571428571428571
804,0.7142857142857143
805,0.2857142857142857
806,0.42857142857142855
807,0.42857142857142855
808,0.2857142857142857
809,0.2857142857142857
810,0.2857142857142857
811,0.8571428571428571
812,0.7142857142857143
813,0.7142857142857143
814,0.14285714285714285
815,0.8571428571428571
816,0.2857142857142857
817,0.5714285714285714
818,0.2857142857142857
819,0.7142857142857143
820,0.2857142857142857
821,0.8571428571428571
822,0.2857142857142857
823,0.2857142857142857
830,0.14285714285714285
832,0.14285714285714285
834,0.14285714285714285
835,0.14285714285714285
836,0.2857142857142857
837,0.2857142857142857
838,0.2857142857142857
839,0.2857142857142857
840,0.2857142857142857
846,0.2857142857142857
847,0.2857142857142857
848,0.2857142857142857
851,0.2857142857142857
852,0.5714285714285714
853,0.5714285714285714
854,0.5714285714285714
855,0.5714285714285714
856,0.2857142857142857
857,0.5714285714285714
858,0.5714285714285714
859,0.2857142857142857
863,0.14285714285714285
864,0.14285714285714285
865,0.5714285714285714
868,0.14285714285714285
872,0.7142857142857143
873,0.7142857142857143
875,0.2857142857142857
876,0.7142857142857143
877,0.7142857142857143
878,0.7142857142857143
879,0.7142857142857143
880,0.7142857142857143
882,0.7142857142857143
883,0.7142857142857143
884,0.7142857142857143
885,0.7142857142857143
887,0.7142857142857143
889,0.2857142857142857
890,0.7142857142857143
891,0.7142857142857143
895,0.14285714285714285
896,0.2857142857142857
897,0.2857142857142857
898,0.42857142857142855
899,0.7142857142857143
900,0.2857142857142857
901,0.2857142857142857
902,0.8571428571428571
903,0.5714285714285714
905,0.2857142857142857
906,0.2857142857142857
907,0.7142857142857143
908,0.7142857142857143
909,0.2857142857142857
910,0.5714285714285714
911,0.5714285714285714
912,0.5714285714285714
913,0.7142857142857143
914,0.2857142857142857
915,0.5714285714285714
916,0.2857142857142857
917,0.2857142857142857
918,0.2857142857142857
919,0.2857142857142857
920,0.42857142857142855
921,0.42857142857142855
922,0.8571428571428571
923,0.8571428571428571
924,0.8571428571428571
925,0.8571428571428571
926,0.8571428571428571
927,0.8571428571428571
928,0.8571428571428571
929,0.8571428571428571
930,0.8571428571428571
931,0.8571428571428571
932,0.8571428571428571
933,0.8571428571428571
934,0.8571428571428571
935,0.8571428571428571
936,0.8571428571428571
937,0.8571428571428571
938,0.7142857142857143
939,0.8571428571428571
940,0.42857142857142855
941,0.5714285714285714
943,0.7142857142857143
945,0.7142857142857143
946,0.5714285714285714
947,0.5714285714285714
948,0.5714285714285714
949,0.5714285714285714
950,0.7142857142857143
951,0.5714285714285714
952,0.7142857142857143
953,0.5714285714285714
954,0.5714285714285714
955,0.5714285714285714
956,0.5714285714285714
957,0.5714285714285714
961,0.2857142857142857
963,0.5714285714285714
964,0.7142857142857143
965,0.2857142857142857
966,0.2857142857142857
967,0.2857142857142857
968,0.2857142857142857
970,0.7142857142857143
971,0.5714285714285714
972,0.5714285714285714
973,0.5714285714285714
974,0.7142857142857143
976,0.14285714285714285
977,0.7142857142857143
979,0.7142857142857143
980,0.42857142857142855
981,0.42857142857142855
982,0.42857142857142855
983,0.2857142857142857
984,0.42857142857142855
985,0.7142857142857143
986,0.14285714285714285
988,0.2857142857142857
989,0.2857142857142857
990,0.2857142857142857
997,0.8571428571428571
998,0.42857142857142855
999,0.42857142857142855
1000,0.7142857142857143
1001,0.7142857142857143
1003,0.2857142857142857
1007,0.2857142857142857
1008,0.2857142857142857
1009,0.2857142857142857
1010,0.2857142857142857
1011,0.7142857142857143
1012,0.7142857142857143
1013,0.7142857142857143
1014,0.7142857142857143
1015,0.2857142857142857
1016,0.8571428571428571
1021,0.7142857142857143
1022,0.5714285714285714
1023,0.5714285714285714
1024,0.5714285714285714
1025,0.2857142857142857
1026,0.5714285714285714
1027,0.7142857142857143
1028,0.2857142857142857
1029,0.2857142857142857
1030,0.5714285714285714
1031,0.5714285714285714
1034,0.7142857142857143
1035,0.7142857142857143
1036,0.7142857142857143
1037,0.7142857142857143
1038,0.7142857142857143
1039,0.2857142857142857
1040,0.2857142857142857
1041,0.8571428571428571
1042,0.5714285714285714
1043,0.7142857142857143
1044,0.7142857142857143
1045,0.2857142857142857
1046,0.5714285714285714
1047,0.2857142857142857
1049,0.5714285714285714
1050,0.7142857142857143
1056,0.42857142857142855
1057,0.5714285714285714
1060,0.8571428571428571
1061,0.8571428571428571
1062,0.8571428571428571
1063,0.8571428571428571
1064,0.8571428571428571
1067,0.5714285714285714
1068,0.7142857142857143
1069,0.7142857142857143
1072,0.2857142857142857
1073,0.2857142857142857
1075,0.7142857142857143
1076,0.8571428571428571
1077,0.7142857142857143
1078,0.7142857142857143
1079,0.8571428571428571
1082,0.2857142857142857
1083,0.2857142857142857
1084,0.2857142857142857
1085,0.2857142857142857
1088,0.2857142857142857
1094,0.5714285714285714
1096,0.2857142857142857
1100,0.42857142857142855
1105,0.7142857142857143
1106,0.8571428571428571
1107,0.42857142857142855
1109,0.42857142857142855
1112,0.8571428571428571
1113,0.8571428571428571
1114,0.8571428571428571
1115,0.8571428571428571
1116,0.8571428571428571
1120,0.8571428571428571
1121,0.8571428571428571
1122,0.8571428571428571
1123,0.8571428571428571
1125,0.14285714285714285
1126,0.5714285714285714
1127,0.42857142857142855
1128,0.42857142857142855
1129,0.42857142857142855
1130,0.2857142857142857
1134,0.7142857142857143
1139,0.5714285714285714
1140,0.2857142857142857
1142,0.2857142857142857
1143,0.5714285714285714
1144,0.5714285714285714
1145,0.5714285714285714
1146,0.2857142857142857
1147,0.14285714285714285
1148,0.5714285714285714
1149,0.5714285714285714
1150,0.5714285714285714
1151,0.14285714285714285
1152,0.7142857142857143
1153,0.2857142857142857
1154,0.42857142857142855
1155,0.7142857142857143
1156,0.14285714285714285
1157,0.14285714285714285
1158,0.7142857142857143
1159,0.2857142857142857
1160,0.7142857142857143
1161,0.5714285714285714
1163,0.42857142857142855
1166,0.42857142857142855
1167,0.2857142857142857
1168,0.8571428571428571
1169,0.14285714285714285
1171,0.5714285714285714
1175,0.2857142857142857
1176,0.2857142857142857
1177,0.14285714285714285
1181,0.7142857142857143
1184,0.14285714285714285
1185,0.5714285714285714
1188,0.7142857142857143
1189,0.2857142857142857
1190,0.2857142857142857
1191,0.8571428571428571
1193,0.7142857142857143
1194,0.7142857142857143
1197,0.2857142857142857
1198,0.7142857142857143
1199,0.7142857142857143
1200,0.2857142857142857
1202,0.2857142857142857
1203,0.7142857142857143
1206,0.2857142857142857
1208,0.8571428571428571
1209,0.14285714285714285
1213,0.5714285714285714
1222,0.42857142857142855
1223,0.2857142857142857
1224,0.2857142857142857
1226,0.42857142857142855
1227,0.2857142857142857
1228,0.7142857142857143
1229,0.7142857142857143
1232,0.5714285714285714
1233,0.7142857142857143
1242,0.7142857142857143
1245,0.7142857142857143
1246,0.7142857142857143
1251,0.7142857142857143
1252,0.8571428571428571
1254,0.2857142857142857
1258,0.2857142857142857
1260,0.7142857142857143
1262,0.2857142857142857
1268,0.7142857142857143
1270,0.7142857142857143
1272,0.42857142857142855
1278,0.42857142857142855
1280,0.42857142857142855
1281,0.2857142857142857
1282,0.2857142857142857
1283,0.2857142857142857
1284,0.2857142857142857
1285,0.5714285714285714
1286,0.7142857142857143
1287,0.2857142857142857
1288,0.5714285714285714
1289,0.5714285714285714
1290,0.2857142857142857
1291,0.2857142857142857
1292,0.2857142857142857
1293,0.2857142857142857
1294,0.2857142857142857
1295,0.2857142857142857
1296,0.2857142857142857
1297,0.7142857142857143
1298,0.7142857142857143
1302,0.2857142857142857
1304,0.42857142857142855
1305,0.2857142857142857
1306,0.2857142857142857
1307,0.2857142857142857
1308,0.2857142857142857
1309,0.2857142857142857
1310,0.2857142857142857
1311,0.2857142857142857
1312,0.2857142857142857
1313,0.2857142857142857
1314,0.42857142857142855
1315,0.42857142857142855
1316,0.7142857142857143
1317,0.7142857142857143
1318,0.2857142857142857
1319,0.2857142857142857
1320,0.2857142857142857
1321,0.2857142857142857
1322,0.2857142857142857
1323,0.7142857142857143
1325,0.7142857142857143
1327,0.2857142857142857
1330,0.7142857142857143
1331,0.7142857142857143
1332,0.7142857142857143
1333,0.7142857142857143
1343,0.42857142857142855
1344,0.5714285714285714
1346,0.42857142857142855
1353,0.42857142857142855
1354,0.7142857142857143
1355,0.7142857142857143
1356,0.14285714285714285
1365,0.2857142857142857
1366,0.2857142857142857
1368,0.2857142857142857
1375,0.5714285714285714
1379,0.2857142857142857
1381,0.2857142857142857
1382,0.42857142857142855
1383,0.2857142857142857
1384,0.2857142857142857
1385,0.42857142857142855
1386,0.7142857142857143
1388,0.42857142857142855
1389,0.42857142857142855
1390,0.5714285714285714
1391,0.8571428571428571
1392,0.42857142857142855
1396,0.7142857142857143
1397,0.42857142857142855
1399,0.7142857142857143
1400,0.5714285714285714
1401,0.5714285714285714
1403,0.2857142857142857
1404,0.5714285714285714
1405,0.5714285714285714
1411,0.7142857142857143
1412,0.5714285714285714
1413,0.5714285714285714
1415,0.7142857142857143
1417,0.7142857142857143
1418,0.42857142857142855
1419,0.7142857142857143
1421,0.5714285714285714
1425,0.5714285714285714
1426,0.7142857142857143
1430,0.7142857142857143
1431,0.7142857142857143
1433,0.7142857142857143
1435,0.7142857142857143
1436,0.7142857142857143
1437,0.14285714285714285
1438,0.7142857142857143
1439,0.7142857142857143
1442,0.7142857142857143
1443,0.7142857142857143
1445,0.7142857142857143
1446,0.7142857142857143
1448,0.7142857142857143
1450,0.7142857142857143
1451,0.7142857142857143
1452,0.7142857142857143
1453,0.5714285714285714
1454,0.2857142857142857
1455,0.7142857142857143
1460,0.8571428571428571
1463,0.7142857142857143
1464,0.7142857142857143
1465,0.7142857142857143
1466,0.8571428571428571
1467,0.7142857142857143
1468,0.7142857142857143
1470,0.7142857142857143
1472,0.2857142857142857
1483,0.42857142857142855
1484,0.42857142857142855
1494,0.2857142857142857
1504,0.7142857142857143
1505,0.42857142857142855
1506,0.42857142857142855
1507,0.5714285714285714
1508,0.5714285714285714
1510,0.5714285714285714
1514,0.8571428571428571
1517,0.7142857142857143
1518,0.2857142857142857
1520,0.42857142857142855
1529,0.42857142857142855
1530,0.7142857142857143
1531,0.42857142857142855
1532,0.2857142857142857
1533,0.2857142857142857
1534,0.14285714285714285
1535,0.5714285714285714
1536,0.7142857142857143
1537,0.7142857142857143
1538,0.42857142857142855
1539,0.7142857142857143
1540,0.7142857142857143
1541,0.5714285714285714
1542,0.5714285714285714
1543,0.14285714285714285
1545,0.7142857142857143
1546,0.8571428571428571
1547,0.7142857142857143
1548,0.2857142857142857
1549,0.2857142857142857
1550,0.5714285714285714
1551,0.7142857142857143
1552,0.5714285714285714
1554,0.14285714285714285
1555,0.7142857142857143
1556,0.42857142857142855
1558,0.5714285714285714
1563,0.42857142857142855
1564,0.14285714285714285
1565,0.42857142857142855
1566,0.42857142857142855
1567,0.2857142857142857
1570,0.7142857142857143
1571,0.7142857142857143
1573,0.5714285714285714
1574,0.5714285714285714
1575,0.5714285714285714
1576,0.5714285714285714
1577,0.2857142857142857
1578,0.8571428571428571
1579,0.5714285714285714
1580,0.42857142857142855
1581,0.7142857142857143
1582,0.5714285714285714
1585,0.14285714285714285
1586,0.7142857142857143
1587,0.5714285714285714
1588,0.5714285714285714
1589,0.5714285714285714
1590,0.5714285714285714
1591,0.5714285714285714
1592,0.7142857142857143
1593,0.7142857142857143
1594,0.7142857142857143
1595,0.7142857142857143
1596,0.7142857142857143
1597,0.7142857142857143
1598,0.5714285714285714
1599,0.5714285714285714
1600,0.7142857142857143
1601,0.7142857142857143
1602,0.5714285714285714
1603,0.5714285714285714
1604,0.5714285714285714
1605,0.5714285714285714
1606,0.7142857142857143
1607,0.7142857142857143
1608,0.7142857142857143
1609,0.7142857142857143
1610,0.7142857142857143
1611,0.7142857142857143
1612,0.5714285714285714
1613,0.7142857142857143
1614,0.7142857142857143
1616,0.2857142857142857
1618,0.5714285714285714
1619,0.5714285714285714
1620,0.2857142857142857
1621,0.7142857142857143
1622,0.7142857142857143
1623,0.2857142857142857
1624,0.8571428571428571
1625,0.7142857142857143
1626,0.2857142857142857
1627,0.7142857142857143
1628,0.7142857142857143
1630,0.7142857142857143
1644,0.7142857142857143
1645,0.7142857142857143
1646,0.7142857142857143
1647,0.8571428571428571
1648,0.8571428571428571
1649,0.14285714285714285
1650,0.5714285714285714
1651,0.5714285714285714
1652,0.2857142857142857
1653,0.5714285714285714
1654,0.42857142857142855
1655,0.5714285714285714
1656,0.7142857142857143
1657,0.8571428571428571
1658,0.7142857142857143
1659,0.42857142857142855
1660,0.2857142857142857
1661,0.5714285714285714
1662,0.7142857142857143
1663,0.2857142857142857
1664,0.7142857142857143
1665,0.2857142857142857
1666,0.5714285714285714
1667,0.7142857142857143
1668,0.8571428571428571
1669,0.2857142857142857
1670,0.7142857142857143
1671,0.5714285714285714
1672,0.14285714285714285
1673,0.2857142857142857
1674,0.2857142857142857
1675,0.2857142857142857
1676,0.2857142857142857
1677,0.2857142857142857
1678,0.2857142857142857
1679,0.2857142857142857
1680,0.2857142857142857
1681,0.2857142857142857
1682,0.2857142857142857
1683,0.2857142857142857
1684,0.2857142857142857
1685,0.2857142857142857
1686,0.2857142857142857
1687,0.2857142857142857
1688,0.2857142857142857
1689,0.2857142857142857
1690,0.2857142857142857
1691,0.2857142857142857
1692,0.2857142857142857
1693,0.2857142857142857
1694,0.2857142857142857
1695,0.2857142857142857
1696,0.2857142857142857
1697,0.2857142857142857
1698,0.2857142857142857
1699,0.2857142857142857
1700,0.2857142857142857
1701,0.2857142857142857
1702,0.2857142857142857
1703,0.2857142857142857
1704,0.2857142857142857
1705,0.2857142857142857
1706,0.2857142857142857
1707,0.2857142857142857
1708,0.2857142857142857
1715,0.2857142857142857
1716,0.2857142857142857
1717,0.2857142857142857
1718,0.2857142857142857
1719,0.2857142857142857
1720,0.2857142857142857
1721,0.2857142857142857
1722,0.2857142857142857
1723,0.2857142857142857
1724,0.2857142857142857
1725,0.2857142857142857
1726,0.2857142857142857
1727,0.2857142857142857
1728,0.2857142857142857
1729,0.2857142857142857
1730,0.2857142857142857
1731,0.5714285714285714
1732,0.5714285714285714
1733,0.5714285714285714
1734,0.14285714285714285
1735,1.0
1736,0.7142857142857143
1737,0.14285714285714285
1738,0.2857142857142857
1739,0.2857142857142857
1740,0.2857142857142857
1761,0.42857142857142855
1762,0.14285714285714285
1763,0.14285714285714285
1764,0.5714285714285714
1765,0.7142857142857143
1766,0.7142857142857143
1767,0.2857142857142857
1768,0.14285714285714285
1769,0.7142857142857143
1770,0.2857142857142857
1771,0.42857142857142855
1772,0.7142857142857143
1773,0.5714285714285714
1774,0.5714285714285714
1775,0.8571428571428571
1776,0.7142857142857143
1777,0.5714285714285714
1778,0.7142857142857143
1779,0.2857142857142857
1780,0.7142857142857143
1781,0.7142857142857143
1782,0.7142857142857143
1783,0.42857142857142855
1784,0.8571428571428571
1785,0.42857142857142855
1786,0.42857142857142855
1787,0.7142857142857143
1788,0.5714285714285714
1789,0.2857142857142857
1792,0.7142857142857143
1793,0.7142857142857143
1794,0.2857142857142857
1795,0.8571428571428571
1796,0.14285714285714285
1797,0.7142857142857143
1798,0.5714285714285714
1799,0.7142857142857143
1800,0.2857142857142857
1801,0.2857142857142857
1802,0.7142857142857143
1803,0.5714285714285714
1804,0.42857142857142855
1805,0.7142857142857143
1806,0.5714285714285714
1807,0.7142857142857143
1808,0.8571428571428571
1809,0.7142857142857143
1810,0.5714285714285714
1811,0.5714285714285714
1812,0.5714285714285714
1813,0.5714285714285714
1814,0.5714285714285714
1815,0.7142857142857143
1816,0.7142857142857143
1817,0.7142857142857143
1818,0.7142857142857143
1819,0.8571428571428571
1820,0.8571428571428571
1821,0.7142857142857143
1822,0.5714285714285714
1823,0.5714285714285714
1824,0.7142857142857143
1825,0.2857142857142857
1826,0.2857142857142857
1827,0.2857142857142857
1828,0.2857142857142857
1829,0.2857142857142857
1830,0.2857142857142857
1831,0.2857142857142857
1832,0.2857142857142857
1833,0.2857142857142857
1834,0.2857142857142857
1835,0.2857142857142857
1836,0.2857142857142857
1837,0.2857142857142857
1838,0.2857142857142857
1839,0.2857142857142857
1840,0.2857142857142857
1841,0.2857142857142857
1842,0.2857142857142857
1843,0.2857142857142857
1844,0.2857142857142857
1845,0.2857142857142857
1846,0.2857142857142857
1847,0.2857142857142857
1848,0.2857142857142857
1849,0.2857142857142857
1850,0.2857142857142857
1851,0.2857142857142857
1852,0.2857142857142857
1853,0.2857142857142857
1854,0.2857142857142857
1855,0.2857142857142857
1856,0.2857142857142857
1857,0.2857142857142857
1858,0.2857142857142857
1859,0.2857142857142857
1861,0.2857142857142857
1862,0.2857142857142857
1863,0.2857142857142857
1864,0.2857142857142857
1865,0.2857142857142857
1867,0.2857142857142857
1868,0.2857142857142857
1869,0.2857142857142857
1870,0.2857142857142857
1871,0.2857142857142857
1872,0.2857142857142857
1873,0.2857142857142857
1874,0.2857142857142857
1875,0.2857142857142857
1876,0.2857142857142857
1877,0.2857142857142857
1878,0.2857142857142857
1879,0.2857142857142857
1880,0.2857142857142857
1881,0.2857142857142857
1882,0.2857142857142857
1883,0.2857142857142857
1884,0.2857142857142857
1885,0.2857142857142857
1886,0.2857142857142857
1887,0.2857142857142857
1888,0.2857142857142857
1889,0.2857142857142857
1890,0.2857142857142857
1891,0.2857142857142857
1892,0.2857142857142857
1893,0.2857142857142857
1894,0.2857142857142857
1896,0.2857142857142857
1897,0.2857142857142857
1898,0.2857142857142857
1899,0.2857142857142857
1900,0.2857142857142857
1901,0.2857142857142857
1902,0.2857142857142857
1903,0.2857142857142857
1904,0.2857142857142857
1905,0.2857142857142857
1906,0.2857142857142857
1907,0.2857142857142857
1908,0.2857142857142857
1909,0.2857142857142857
1910,0.2857142857142857
1911,0.2857142857142857
1912,0.2857142857142857
1913,0.2857142857142857
1914,0.2857142857142857
1915,0.2857142857142857
1916,0.2857142857142857
1917,0.2857142857142857
1918,0.2857142857142857
1919,0.2857142857142857
1920,0.2857142857142857
1921,0.2857142857142857
1922,0.2857142857142857
1923,0.2857142857142857
1925,0.2857142857142857
1926,0.5714285714285714
1927,0.7142857142857143
1929,0.5714285714285714
1930,0.5714285714285714
1931,0.42857142857142855
1932,0.7142857142857143
1933,0.7142857142857143
1934,0.2857142857142857
1935,0.5714285714285714
1936,0.14285714285714285
1939,0.5714285714285714
1940,0.5714285714285714
1941,0.7142857142857143
1942,0.5714285714285714
1943,0.2857142857142857
1944,0.5714285714285714
1945,0.5714285714285714
1948,0.42857142857142855
1950,0.14285714285714285
1952,0.2857142857142857
1953,0.2857142857142857
1954,0.2857142857142857
1955,0.2857142857142857
1956,0.42857142857142855
1960,0.42857142857142855
1961,0.2857142857142857
1962,0.5714285714285714
1963,0.14285714285714285
1964,0.5714285714285714
1965,0.42857142857142855
1966,0.2857142857142857
1968,0.2857142857142857
1969,0.2857142857142857
1970,0.5714285714285714
1971,0.5714285714285714
1972,0.8571428571428571
1973,0.7142857142857143
1974,0.2857142857142857
1975,0.7142857142857143
1976,0.5714285714285714
1977,0.7142857142857143
1978,0.42857142857142855
1979,0.5714285714285714
1981,0.42857142857142855
1982,0.5714285714285714
1983,0.7142857142857143
1984,0.42857142857142855
1985,0.42857142857142855
1986,0.42857142857142855
1987,0.5714285714285714
1988,0.42857142857142855
1989,0.7142857142857143
1990,0.7142857142857143
1991,0.5714285714285714
1992,0.5714285714285714
1993,0.7142857142857143
1994,0.5714285714285714
1995,0.42857142857142855
1996,0.7142857142857143
1997,0.42857142857142855
1998,0.42857142857142855
1999,0.42857142857142855
2000,0.5714285714285714
2001,0.42857142857142855
2002,0.2857142857142857
2003,0.14285714285714285
2004,0.14285714285714285
2005,0.14285714285714285
2006,0.14285714285714285
2007,0.14285714285714285
2008,0.14285714285714285
2009,0.2857142857142857
2010,0.2857142857142857
2011,0.2857142857142857
2012,0.2857142857142857
2013,0.2857142857142857
2014,0.2857142857142857
2015,0.2857142857142857
2016,0.2857142857142857
2017,0.2857142857142857
2018,0.2857142857142857
2019,0.42857142857142855
2020,0.2857142857142857
2022,0.8571428571428571
2023,0.7142857142857143
2024,0.14285714285714285
2025,0.14285714285714285
2026,0.14285714285714285
2027,0.14285714285714285
2028,0.14285714285714285
2029,0.14285714285714285
2030,0.14285714285714285
2032,0.2857142857142857
2038,0.7142857142857143
2040,0.5714285714285714
