Id,38,715,632,635,634,910,898,766
38,0.0,0.006514727329594572,0.1948051948051942,0.1010209872827259,0.17695139223594714,0.07266464536778261,0.15441421383936793,0.164289105962654
715,0.006514727329594572,0.0,0.20259734693559572,0.10883619220099194,0.18429961290466912,0.07991821131690235,0.16102833917699955,0.17155429435630465
632,0.1948051948051942,0.20259734693559572,0.0,0.1010209872827259,0.025003956956430096,0.1256552370610522,0.08193543216845689,0.025003956956430096
635,0.1010209872827259,0.10883619220099194,0.1010209872827259,0.0,0.08365806617696414,0.027402474840727775,0.16381973726851196,0.07037774829547083
634,0.17695139223594714,0.18429961290466912,0.025003956956430096,0.08365806617696414,0.0,0.10876810296405315,0.10489067910574046,0.012345679012345623
910,0.07266464536778261,0.07991821131690235,0.1256552370610522,0.027402474840727775,0.10876810296405315,0.0,0.13744424563064372,0.0958516986591843
898,0.15441421383936793,0.16102833917699955,0.08193543216845689,0.16381973726851196,0.10489067910574046,0.13744424563064372,0.0,0.10489067910574046
766,0.164289105962654,0.17155429435630465,0.025003956956430096,0.07037774829547083,0.012345679012345623,0.0958516986591843,0.10489067910574046,0.0
