Id,38,715,632,635,634,910,898,766
38,0.0,0.0,0.6627644582033386,0.459505012548058,0.6611971273343201,0.49959951935910296,0.6109585158967277,0.6350060818261574
715,0.0,0.0,0.6627644582033386,0.459505012548058,0.6611971273343201,0.49959951935910296,0.6109585158967277,0.6350060818261574
632,0.6627644582033386,0.6627644582033386,0.0,0.4237785886029021,0.020082201639730957,0.6320099639030065,0.5106565484502105,0.016947985578620206
635,0.459505012548058,0.459505012548058,0.4237785886029021,0.0,0.4329148250525372,0.43743498086971,0.6239788734771787,0.3934456575519166
634,0.6611971273343201,0.6611971273343201,0.020082201639730957,0.4329148250525372,0.0,0.6416750927852843,0.5057811311897373,0.018571147853407743
910,0.49959951935910296,0.49959951935910296,0.6320099639030065,0.43743498086971,0.6416750927852843,0.0,0.4759765453978896,0.6030919398268003
898,0.6109585158967277,0.6109585158967277,0.5106565484502105,0.6239788734771787,0.5057811311897373,0.4759765453978896,0.0,0.5099019705901968
766,0.6350060818261574,0.6350060818261574,0.016947985578620206,0.3934456575519166,0.018571147853407743,0.6030919398268003,0.5099019705901968,0.0
