Id,38,715,632,635,634,910,898,766
38,0.0,0.01030868492453263,0.4254508028719216,0.2079096380195813,0.4089955376551636,0.1745267601001348,0.4919200898817542,0.30587946896390805
715,0.01030868492453263,0.0,0.43940704721977486,0.22070177395542967,0.4224107421658284,0.18638858132662128,0.5026151689847151,0.3170894073940086
632,0.4254508028719216,0.43940704721977486,0.0,0.2311278409867461,0.018536924078506822,0.25241524750276045,0.20180383851160166,0.07526502733582308
635,0.2079096380195813,0.22070177395542967,0.2311278409867461,0.0,0.21785901159150567,0.02768653574780766,0.3835665018982113,0.12368516983261613
634,0.4089955376551636,0.4224107421658284,0.018536924078506822,0.21785901159150567,0.0,0.2395137860269032,0.21659994015686757,0.06828939845621707
910,0.1745267601001348,0.18638858132662128,0.25241524750276045,0.02768653574780766,0.2395137860269032,0.0,0.3579643345199335,0.14794729170437992
898,0.4919200898817542,0.5026151689847151,0.20180383851160166,0.3835665018982113,0.21659994015686757,0.3579643345199335,0.0,0.26188009442537497
766,0.30587946896390805,0.3170894073940086,0.07526502733582308,0.12368516983261613,0.06828939845621707,0.14794729170437992,0.26188009442537497,0.0
