Id,38,715,632,635,634,910,898,766
38,0.0,0.0,0.20136538013355532,0.10801634147220518,0.2021146001392704,0.043051674768775916,0.12848384601575702,0.19395106747421864
715,0.0,0.0,0.20136538013355532,0.10801634147220518,0.2021146001392704,0.043051674768775916,0.12848384601575702,0.19395106747421864
632,0.20136538013355532,0.20136538013355532,0.0,0.17761239053878108,0.0013894122474298332,0.17178337461844995,0.11563888623938057,0.002304253879498508
635,0.10801634147220518,0.10801634147220518,0.17761239053878108,0.0,0.17832009606931742,0.061155348102241325,0.14022129548748918,0.16848448728713616
634,0.2021146001392704,0.2021146001392704,0.0013894122474298332,0.17832009606931742,0.0,0.1725530881612941,0.11662388266877388,0.0018325627086375196
910,0.043051674768775916,0.043051674768775916,0.17178337461844995,0.061155348102241325,0.1725530881612941,0.0,0.1254197318895166,0.1658395360143079
898,0.12848384601575702,0.12848384601575702,0.11563888623938057,0.14022129548748918,0.11662388266877388,0.1254197318895166,0.0,0.10773419495936942
766,0.19395106747421864,0.19395106747421864,0.002304253879498508,0.16848448728713616,0.0018325627086375196,0.1658395360143079,0.10773419495936942,0.0
