Id,38,715,632,635,634,910,898,766
38,0.0,0.0,0.5095191127887537,0.3145491385670839,0.5157175514053063,0.20157200592203672,0.5413762357308269,0.4750430376320838
715,0.0,0.0,0.5095191127887537,0.3145491385670839,0.5157175514053063,0.20157200592203672,0.5413762357308269,0.4750430376320838
632,0.5095191127887537,0.5095191127887537,0.0,0.33212153568735303,0.059800426383631256,0.40421210536599095,0.4342432835923091,0.05574091014269411
635,0.3145491385670839,0.3145491385670839,0.33212153568735303,0.0,0.3385183697621801,0.09665787022523109,0.37044396736879714,0.28552354146954595
634,0.5157175514053063,0.5157175514053063,0.059800426383631256,0.3385183697621801,0.0,0.4091553317356904,0.41011892003364914,0.009929204936172109
910,0.20157200592203672,0.20157200592203672,0.40421210536599095,0.09665787022523109,0.4091553317356904,0.0,0.3847657872416165,0.362773627098816
898,0.5413762357308269,0.5413762357308269,0.4342432835923091,0.37044396736879714,0.41011892003364914,0.3847657872416165,0.0,0.4057894182221552
766,0.4750430376320838,0.4750430376320838,0.05574091014269411,0.28552354146954595,0.009929204936172109,0.362773627098816,0.4057894182221552,0.0
