Id,38,715,632,635,634,910,898,766
38,0.0,0.0,0.7276073619631902,0.47959183673469385,0.7275,0.3979591836734694,0.7832558139534884,0.7074074074074074
715,0.0,0.0,0.7276073619631902,0.47959183673469385,0.7275,0.3979591836734694,0.7832558139534884,0.7074074074074074
632,0.7276073619631902,0.7276073619631902,0.0,0.6208588957055214,0.022085889570552242,0.7177914110429447,0.5116279069767442,0.024539877300613577
635,0.47959183673469385,0.47959183673469385,0.6208588957055214,0.0,0.61875,0.3222222222222222,0.8195348837209302,0.6
634,0.7275,0.7275,0.022085889570552242,0.61875,0.0,0.7175,0.5153488372093024,0.023456790123456805
910,0.3979591836734694,0.3979591836734694,0.7177914110429447,0.3222222222222222,0.7175,0.0,0.7302325581395349,0.6975308641975309
898,0.7832558139534884,0.7832558139534884,0.5116279069767442,0.8195348837209302,0.5153488372093024,0.7302325581395349,0.0,0.5172093023255814
766,0.7074074074074074,0.7074074074074074,0.024539877300613577,0.6,0.023456790123456805,0.6975308641975309,0.5172093023255814,0.0
