Id,38,715,632,635,634,910,898,766
38,0.0,0.0,0.8605626286498439,0.7123287671232873,0.8588326848249027,0.72972972972973,0.8502695495913282,0.8390526068943956
715,0.0,0.0,0.8605626286498439,0.7123287671232873,0.8588326848249027,0.72972972972973,0.8502695495913282,0.8390526068943956
632,0.8605626286498439,0.8605626286498439,0.0,0.6852448453608243,0.09580838323353202,0.8415791257200951,0.7817640437198154,0.0727272727272732
635,0.7123287671232873,0.7123287671232873,0.6852448453608243,0.0,0.6887894334679616,0.6769230769230765,0.8658289703315879,0.6547243876817601
634,0.8588326848249027,0.8588326848249027,0.09580838323353202,0.6887894334679616,0.0,0.8481153945221945,0.7772432623191363,0.08484848484848384
910,0.72972972972973,0.72972972972973,0.8415791257200951,0.6769230769230765,0.8481153945221945,0.0,0.773297279026534,0.8192561696211335
898,0.8502695495913282,0.8502695495913282,0.7817640437198154,0.8658289703315879,0.7772432623191363,0.773297279026534,0.0,0.7814390408830895
766,0.8390526068943956,0.8390526068943956,0.0727272727272732,0.6547243876817601,0.08484848484848384,0.8192561696211335,0.7814390408830895,0.0
