Id,38,715,632,635,634,910,898,766
38,0.0,0.03678408513820963,0.520782785871569,0.36745469476967085,0.5112418841978968,0.27326383678841715,0.5652364575258779,0.4583203868684259
715,0.03678408513820963,0.0,0.5425823129226149,0.38062135711890155,0.5318828753155561,0.285736207399925,0.5816742765878078,0.47967728473697124
632,0.520782785871569,0.5425823129226149,0.0,0.36006960388839204,0.1034921538223994,0.37347707947046527,0.3286930184182686,0.1385583471879015
635,0.36745469476967085,0.38062135711890155,0.36006960388839204,0.0,0.35855773849922357,0.1246664027439931,0.5366485912811414,0.2983520852924447
634,0.5112418841978968,0.5318828753155561,0.1034921538223994,0.35855773849922357,0.0,0.37193576516222393,0.33442387923080197,0.07232586264140783
910,0.27326383678841715,0.285736207399925,0.37347707947046527,0.1246664027439931,0.37193576516222393,0.0,0.4772831297921919,0.3131932347964166
898,0.5652364575258779,0.5816742765878078,0.3286930184182686,0.5366485912811414,0.33442387923080197,0.4772831297921919,0.0,0.35604799344432436
766,0.4583203868684259,0.47967728473697124,0.1385583471879015,0.2983520852924447,0.07232586264140783,0.3131932347964166,0.35604799344432436,0.0
