Id,38,715,632,635,634,910,898,766
38,0.0,0.02564102564102666,0.32608695652173825,0.24999999999999867,0.329896907216493,0.16666666666666574,0.3518518518518504,0.312499999999998
715,0.02564102564102666,0.0,0.34408602150537615,0.25287356321838916,0.346938775510203,0.16867469879517927,0.3669724770642193,0.3298969072164937
632,0.32608695652173825,0.34408602150537615,0.0,0.24999999999999867,0.09411764705882186,0.24999999999999956,0.25490196078431215,0.09411764705882164
635,0.24999999999999867,0.25287356321838916,0.24999999999999867,0.0,0.2580645161290299,0.10256410256410242,0.41071428571428403,0.2391304347826062
634,0.32989690721649323,0.34693877551020313,0.09411764705882164,0.2580645161290299,0.0,0.2580645161290307,0.25490196078431426,0.024390243902439046
910,0.16666666666666574,0.16867469879517927,0.24999999999999956,0.10256410256410242,0.2580645161290307,0.0,0.35185185185185097,0.2391304347826071
898,0.3518518518518504,0.3669724770642193,0.25490196078431215,0.41071428571428403,0.25490196078431426,0.35185185185185097,0.0,0.25490196078431426
766,0.3124999999999982,0.3298969072164939,0.09411764705882142,0.2391304347826062,0.024390243902439046,0.2391304347826071,0.25490196078431426,0.0
