Id,38,715,632,635,634,910,898,766
38,0.0,0.006524121579507673,0.19480519480519481,0.10147269466556817,0.17706819124472384,0.07274568213736374,0.1553947568229177,0.16440770187925807
715,0.006524121579507673,0.0,0.2026048870572363,0.10916960335897999,0.18448282614363407,0.07995442023179337,0.16218454101672056,0.17174037030212833
632,0.19480519480519481,0.2026048870572363,0.0,0.10147269466556817,0.02514231885913429,0.12573164315808563,0.08300002169345345,0.02514231885913429
635,0.10147269466556817,0.10916960335897999,0.10147269466556817,0.0,0.08473718332789776,0.027568648885114698,0.16648089719328557,0.07147250482540353
634,0.17706819124472384,0.18448282614363407,0.025142318859134285,0.08473718332789776,0.0,0.10917084055852642,0.10532991052263549,0.012345679012345677
910,0.07274568213736374,0.07995442023179337,0.12573164315808563,0.027568648885114698,0.10917084055852642,0.0,0.13906767909975873,0.09626027303038912
898,0.1553947568229177,0.16218454101672056,0.08300002169345347,0.16648089719328557,0.10532991052263549,0.13906767909975873,0.0,0.10532991052263549
766,0.16440770187925807,0.17174037030212833,0.025142318859134285,0.07147250482540353,0.012345679012345677,0.09626027303038912,0.10532991052263549,0.0
