Id,1318,1152,462,1206,1667,551,1620,855,853,312,652,1330,859,1431,856,1430,1331,1657,1426,45,1619,1670,460,854,1656,44,1396,458,1435,1439,1014,457,1333,1332,852,857,461,1668,821,979,552,133,313,858,1011,1415
1318,0.0,0.22767328036631865,0.2181298229335384,0.18268656304535288,0.18912747658255974,0.26968423752476367,0.06111262399025822,0.20758399429149238,0.19038959928854526,0.22435395242188086,0.22024171663594494,0.17296991217257077,0.11811478091034143,0.1878358456927933,0.1197651681287946,0.13623866614216915,0.1544463819376236,0.24137978186606068,0.0942221548477497,0.1111663542908871,0.16851697992770323,0.17785245527442659,0.10216490216426374,0.22947410086572523,0.3048733553614213,0.10584275860396886,0.15746324395864744,0.12025931274632817,0.2487707525020591,0.16783038309830758,0.15837610924355214,0.15302118437900963,0.2467238900091835,0.1658782336030526,0.17826407902480915,0.19987749234234073,0.12306498539654787,0.10396928866456062,0.21938790513945455,0.32735032504121153,0.11516988123459546,0.2943040407166859,0.3030246318474641,0.12629057115226755,0.1261840910666724,0.1109265859901204
1152,0.22767328036631865,0.0,0.13918535843080584,0.2714181062567201,0.22331789034362845,0.24043498063329055,0.19792334563092384,0.1668690720629181,0.1619281955379304,0.18811640528203755,0.16394975215117885,0.1175028404729801,0.21104781600461248,0.13922364312379334,0.20251077325695446,0.17033586842145879,0.1116913266418617,0.1285263141061026,0.1422774822911655,0.1757359830379502,0.17282936317076256,0.21750405717758353,0.15498051045569572,0.17523172882036822,0.2140327904335685,0.15537617079440005,0.13015728125877402,0.14753446288920516,0.11275267987645078,0.12063501327102889,0.215466843440021,0.18286287325061676,0.1553902772630597,0.12246985644922226,0.25012547469487156,0.16881060118273156,0.19550574989189978,0.16034815929778723,0.12992281103368133,0.2062711516441924,0.14643114768278848,0.22036196518394388,0.3446765120487401,0.19787436778456022,0.15697208129701434,0.1491063713671402
462,0.2181298229335384,0.13918535843080584,0.0,0.27279671815054946,0.2196530734903064,0.22542334231946765,0.17195634086543635,0.08742829744164596,0.09652444407408005,0.17556443031879002,0.18887912048781721,0.08279137069371324,0.21491758293419516,0.1227100870559794,0.18806951449988363,0.17123154180048655,0.1001461698953521,0.034212150704196545,0.12867881641677617,0.15465950502000933,0.09185489619854653,0.25013928055570095,0.1140233981274794,0.06252996524228183,0.10781430693827675,0.11385764896190302,0.09461392665781927,0.10025063492484078,0.050685883721055786,0.07872081644968283,0.20746972258323637,0.12945419655205992,0.1137704090851465,0.09388835428544345,0.24375568294896297,0.09021213919061973,0.18280359606030666,0.1273996962831231,0.08908754709813575,0.1499848724043052,0.11306975284530586,0.06974935869403559,0.3765528885563066,0.18583589262407502,0.1444237118408431,0.14035895458907457
1206,0.18268656304535288,0.2714181062567201,0.27279671815054946,0.0,0.34295566034347,0.3073566569934922,0.21776594226969276,0.2548518239168829,0.2430588221585735,0.27821426278802425,0.2858330659636721,0.261663783895234,0.2758831593958736,0.24404105766016712,0.26875196872129586,0.2837752014571071,0.2294008831087133,0.27034946653203257,0.2436015865230282,0.2814040077323246,0.2314278203518242,0.2874043695334287,0.25603700290374215,0.26750127110082317,0.33856310108932525,0.2696163237585724,0.2484297061665012,0.2758586319467938,0.26509427672694214,0.24432559307111504,0.3371768178868754,0.2993493844810515,0.2590733633051245,0.2628644904775494,0.2765432864712151,0.24488367275428757,0.288376307338432,0.2621279825967309,0.22931248130728096,0.35542522149015643,0.27112565098468105,0.343632523637444,0.3599231930765227,0.27618114494970575,0.2953893097121225,0.26195251483218585
1667,0.18912747658255974,0.22331789034362845,0.2196530734903064,0.34295566034347,0.0,0.26215449192989965,0.13692866213759633,0.2240496398185442,0.21672580962115956,0.23009669928845225,0.23151699672749723,0.16386810225443585,0.15408537415319704,0.21772405571885164,0.15121173440011246,0.13760826791400813,0.1669290352292278,0.24736375610630099,0.11437070000212794,0.10381623080044569,0.21646797600491113,0.21725133790118878,0.11019857922754439,0.24775381179332504,0.29095867905024614,0.0967428175255351,0.15012249945315428,0.105044946407208,0.2560673494496672,0.1686729639410897,0.10948053636687093,0.12347379783239835,0.27117654544140135,0.16415584801037533,0.23747326154743612,0.22459618747602164,0.12243520909189008,0.10025777781397972,0.24905597311917163,0.2868223259386325,0.10731054515178318,0.26349487377910324,0.3959404943159971,0.14420602367813928,0.10312629738448653,0.10654925828960451
551,0.26968423752476367,0.24043498063329055,0.22542334231946765,0.3073566569934922,0.26215449192989965,0.0,0.2312891853474731,0.2604661195994949,0.2280607983053396,0.2812193541343928,0.2634086312972881,0.20792801561794394,0.264946937196881,0.23661926504717212,0.2653158188228634,0.23065374118440296,0.208168081631042,0.24158433397070503,0.21647252327250519,0.22478230745339256,0.1626266968719554,0.27291119631460525,0.2052098933663682,0.25860183887803917,0.26233874630478826,0.21962779744583155,0.2136175849671576,0.214268285568736,0.22333956667968727,0.2122617240285527,0.2568536803709262,0.21646616345978595,0.255528931312311,0.203751273863297,0.24781382088687487,0.2577942483880228,0.23028323349489493,0.21578433010111353,0.23506522168440372,0.2643869424729549,0.22084640655742005,0.2741358040921189,0.38221897513099035,0.2671792549398498,0.2273570550777569,0.20311352804421648
1620,0.06111262399025822,0.19792334563092384,0.17195634086543635,0.21776594226969276,0.13692866213759633,0.2312891853474731,0.0,0.1857909459920227,0.17425833368981275,0.20983968978428152,0.20860932240005275,0.13075024884379233,0.09890518402879413,0.18340195158887845,0.111389869424232,0.09847531047866666,0.12304138895717676,0.1907692683474275,0.05804354625012104,0.05468604291908051,0.1575588695364873,0.17252005856990868,0.058713579834681555,0.20636892405078303,0.25104770341000127,0.048069579783716676,0.11946792398201823,0.05772708801002882,0.20476714153153236,0.13152228858154524,0.11179716029490265,0.08119543429904265,0.22802335140654859,0.12451482421125763,0.15271266905533423,0.18262247652858898,0.09128521037090814,0.0531631684538029,0.1888744007049146,0.26300774760134155,0.0518221351896808,0.22501279935315743,0.31505788708568494,0.09951863925414187,0.07187609067870498,0.05565365254220369
855,0.20758399429149238,0.1668690720629181,0.08742829744164596,0.2548518239168829,0.2240496398185442,0.2604661195994949,0.1857909459920227,0.0,0.0355862489056099,0.1812843475552922,0.19496740741213484,0.1258444486903567,0.13435582903658336,0.1390989535617314,0.12205012831201476,0.1759509157704749,0.12197492430108209,0.09738563852830597,0.1413292449676326,0.16357867602432147,0.14519228225525121,0.2351584486354487,0.13225964372428914,0.03968150684412671,0.19431266084936016,0.13438915462708553,0.11875313188853961,0.1256626977905295,0.12579467910814893,0.11409194845031181,0.2254656539138235,0.16870141958285362,0.169244867994177,0.12190666594658547,0.22644482671437235,0.020887392541468448,0.18694563653467675,0.14559124039290677,0.13076931167391156,0.20636659344231384,0.12441848310958997,0.14401011985745632,0.39429555990084514,0.10325947122280527,0.1450593575350589,0.15820873747723116
853,0.19038959928854526,0.1619281955379304,0.09652444407408005,0.2430588221585735,0.21672580962115956,0.2280607983053396,0.17425833368981275,0.0355862489056099,0.0,0.20000677992988292,0.20540328914248043,0.12894157722743094,0.13313782954510947,0.1429428548035422,0.10820309196624302,0.17346398486155773,0.12507657242726572,0.11778964609960788,0.1324373333433961,0.15619585914699965,0.11872350173979908,0.2191360967963697,0.12402279445168861,0.08084673536888462,0.208789808337576,0.13108315439518117,0.11197703307092755,0.12433807231319993,0.1363193616277222,0.1175473298042765,0.2126765068720707,0.16148094148174136,0.17480931904283759,0.122074275426807,0.2020045131558181,0.05647930797741608,0.17346709780020697,0.13741895409464386,0.12967875077087926,0.22141156425630165,0.1252926749952215,0.1698315656439223,0.3615960241722861,0.10114607082624766,0.13841952980451674,0.15151168082112837
312,0.22435395242188086,0.18811640528203755,0.17556443031879002,0.27821426278802425,0.23009669928845225,0.2812193541343928,0.20983968978428152,0.1812843475552922,0.20000677992988292,0.0,0.013759615205364185,0.14622434782134205,0.24474171257559416,0.15641667416601027,0.2017415569375721,0.20856266488898187,0.14382726610380053,0.1762417659836821,0.1598086149240061,0.21039418730820508,0.22044877777438615,0.23548263916675047,0.17477505313562441,0.18619080256623385,0.23432386924551454,0.16958206389071728,0.16315420898678912,0.16891422558659272,0.17997871035226426,0.14732776410017331,0.21149245282767543,0.20135235772262333,0.15241655570884216,0.14534490599639335,0.28407838896660825,0.18007456803765892,0.22191016921689583,0.17068380536259484,0.1500148499808216,0.21716207732514334,0.1804639627963678,0.2323232981728962,0.4241318597581755,0.2144783152728103,0.17481674858088322,0.1568830346806962
652,0.22024171663594494,0.16394975215117885,0.18887912048781721,0.2858330659636721,0.23151699672749723,0.2634086312972881,0.20860932240005275,0.19496740741213484,0.20540328914248043,0.013759615205364185,0.0,0.15226727242911345,0.24737620903417268,0.16437458447239556,0.20566535525953542,0.21211063581330908,0.1443950608246286,0.19106832773162682,0.16542473235581476,0.21399396077660252,0.21945654524796884,0.22858600149311256,0.17904510459673756,0.1997400680602328,0.24160242207607702,0.17453370529102727,0.16764068583392822,0.1745822948872938,0.18842067887107825,0.15380141419815008,0.21011900276672227,0.20602831407500458,0.16170791539725987,0.14601417386919463,0.2773772233869461,0.1940432252682526,0.2227683202751364,0.1752794820625853,0.15780018037858337,0.22776356503512762,0.1857480238993817,0.24312946042017672,0.4099931798437543,0.22025610259305284,0.1754231061252631,0.15762913698922065
1330,0.17296991217257077,0.1175028404729801,0.08279137069371324,0.261663783895234,0.16386810225443585,0.20792801561794394,0.13075024884379233,0.1258444486903567,0.1289415772274309,0.14622434782134208,0.15226727242911345,0.0,0.15676717385757974,0.07758959905883313,0.13766509838611055,0.12408917449185482,0.01801548106892728,0.0981055684587316,0.08171551586101702,0.1139743161335675,0.12989097660507556,0.19898613174469246,0.08793631730339163,0.13071299838484218,0.15598603840892095,0.07931947400094282,0.06577933840396374,0.07241513278561687,0.08050724321511324,0.029712526979454007,0.14860401437981438,0.09298290427158551,0.11755678025862594,0.018274869539891603,0.21562626521473688,0.12828975596453776,0.13846760713925155,0.08904156931135619,0.08489966400633678,0.15171138069351225,0.08635669745496716,0.13598345351968932,0.33861189228688215,0.1384768082803432,0.09863732666078188,0.07233094824369277
859,0.11811478091034143,0.21104781600461248,0.21491758293419516,0.2758831593958736,0.15408537415319704,0.264946937196881,0.09890518402879415,0.13435582903658336,0.13313782954510947,0.24474171257559416,0.24737620903417262,0.15676717385757974,0.0,0.18712273092427403,0.05277973199237181,0.11328329953171418,0.1442703674026291,0.23024641136634547,0.08535302968296504,0.06330228509474274,0.19089443153461222,0.20265851773747803,0.08057823593026678,0.17534134577859992,0.30042564890521684,0.08340652141173595,0.13730976894515212,0.08736437574457276,0.24339738797642216,0.1592230563806297,0.13682522802219996,0.10567295898000509,0.2635027495062284,0.16308563967806938,0.1597901065185765,0.13875580778232144,0.10482619227279061,0.09041254121130174,0.22977080883033105,0.2992366170304687,0.08043501549306656,0.27490529111947876,0.36528548229156443,0.023026207959834614,0.08886754039990684,0.09134225757394529
1431,0.1878358456927933,0.13922364312379334,0.1227100870559794,0.24404105766016712,0.21772405571885164,0.23661926504717212,0.18340195158887845,0.1390989535617314,0.1429428548035422,0.1564166741660103,0.16437458447239556,0.07758959905883313,0.18712273092427403,0.0,0.17201194721548052,0.13727780709546372,0.07544567375972691,0.12070175481648311,0.12134817767690559,0.16159518676785198,0.18038989493070914,0.22100815653321146,0.13986176025703187,0.15656471264366179,0.17745175924392545,0.14200508563805828,0.11374402603086024,0.13236537483068445,0.10014189636184652,0.08446962460571908,0.20648855996620688,0.1418463368776815,0.12241442658610267,0.08409642887658328,0.23157728469315247,0.1370983896360796,0.17613540518284967,0.14769862216839796,0.09947494623778667,0.13443685501008898,0.13903347458799378,0.1835451117338045,0.3701446598214767,0.16983672297721217,0.14275865569066057,0.12066094814174778
856,0.1197651681287946,0.20251077325695446,0.18806951449988363,0.26875196872129586,0.15121173440011246,0.2653158188228634,0.111389869424232,0.12205012831201476,0.10820309196624302,0.2017415569375721,0.20566535525953544,0.13766509838611055,0.05277973199237181,0.17201194721548052,0.0,0.12118745268800907,0.13632151732574038,0.21933189519402138,0.08294849782140612,0.08260882598413241,0.17146090010126566,0.1859147431511828,0.07446216502222448,0.158948152887927,0.2920509028332976,0.07777425468924788,0.11025413004897021,0.07979527404233062,0.22286424797146304,0.13569855254649157,0.13231368744430155,0.1184988954086665,0.24262607372843437,0.13062065809765896,0.16833479424629005,0.11014703117412904,0.10677925717129158,0.08298145512477653,0.21153086748434,0.2847948968131529,0.08159714434080234,0.2620479381430905,0.34556728320754077,0.023464643332134896,0.08248507834458475,0.09184749687435909
1430,0.13623866614216915,0.17033586842145879,0.17123154180048655,0.2837752014571071,0.13760826791400813,0.23065374118440296,0.09847531047866666,0.17595091577047492,0.17346398486155773,0.20856266488898187,0.21211063581330913,0.12408917449185482,0.11328329953171418,0.13727780709546372,0.12118745268800907,0.0,0.12073276584708373,0.17739140957544883,0.07035025668858633,0.07259042920441171,0.182884269538406,0.18286672157441594,0.08148837373303033,0.20084773760536392,0.23731805533976127,0.07633581746391074,0.13315781410602867,0.07793377322100266,0.18109334188213808,0.13614693729060723,0.13715527537019825,0.10202328661345608,0.21162216092704011,0.12311212150237547,0.16663789239979807,0.17405120855716555,0.11171001398184281,0.08570840920647627,0.19426186634440581,0.21763969979159312,0.0745725290667478,0.23066751291391913,0.34875982853413756,0.10790618750524461,0.09112054945325192,0.06656881301406725
1331,0.1544463819376236,0.1116913266418617,0.1001461698953521,0.2294008831087133,0.1669290352292278,0.208168081631042,0.12304138895717676,0.1219749243010821,0.12507657242726572,0.14382726610380053,0.1443950608246286,0.01801548106892728,0.1442703674026291,0.07544567375972691,0.13632151732574038,0.12073276584708373,0.0,0.10232705933198256,0.07769560442582592,0.10842117645141083,0.1267610345699031,0.1865946258780133,0.09686785384151521,0.1333428253240977,0.1703940839527169,0.0843059522738033,0.06946835059541523,0.0832017922527033,0.09049684187114014,0.03245193192358713,0.1596010566291766,0.10952450090884537,0.12125099445715906,0.027877004794786216,0.1918858985558521,0.12319870235424706,0.131226689964948,0.08954513018444152,0.07489096590611992,0.16754654927563195,0.08489995127225373,0.15072238825933765,0.341497208876124,0.13111696247785046,0.10517739180520118,0.07354180876614039
1657,0.24137978186606068,0.1285263141061026,0.034212150704196545,0.27034946653203257,0.24736375610630099,0.24158433397070503,0.1907692683474275,0.09738563852830597,0.11778964609960788,0.1762417659836821,0.19106832773162682,0.0981055684587316,0.23024641136634547,0.12070175481648311,0.21933189519402144,0.17739140957544883,0.10232705933198256,0.0,0.14432641110984187,0.1705025052158689,0.11747388316641996,0.27466343185024544,0.15019203912018275,0.07600974106448954,0.08307731127865242,0.14380531258798215,0.13003049302716638,0.12958554782069384,0.04577963748633919,0.09925896613424603,0.24701508028900848,0.15928667369321484,0.1122298754657986,0.11171031875330716,0.24312303759732684,0.10126266579540577,0.20604502564739305,0.15603518466615798,0.06852240155696121,0.13209779304064487,0.12409798222344542,0.06903679653831621,0.3911939622219947,0.2070972110650383,0.17426958851800073,0.1548781219960117
1426,0.09422215484774972,0.1422774822911655,0.12867881641677617,0.2436015865230282,0.11437070000212794,0.21647252327250519,0.05804354625012104,0.1413292449676326,0.1324373333433961,0.1598086149240061,0.16542473235581476,0.08171551586101702,0.08535302968296504,0.12134817767690559,0.0829484978214061,0.07035025668858633,0.0776956044258259,0.14432641110984187,0.0,0.03751586183064279,0.12864519439967673,0.16440493286381982,0.030601685197729996,0.16316923145898027,0.21723546524447712,0.019401133146136892,0.08687356825843502,0.02547409965130983,0.14148498083597452,0.08474619439513331,0.09900427825340763,0.06378076097207969,0.17142279791537132,0.07433304708289691,0.16500616598785517,0.1399026783692288,0.06293371247038125,0.030616466961157586,0.13087668539868208,0.20697061380851992,0.027466462858678407,0.198982889054505,0.342794329703243,0.07650460672439134,0.03654205514543338,0.021153173400071616
45,0.1111663542908871,0.1757359830379502,0.15465950502000933,0.2814040077323246,0.10381623080044569,0.22478230745339256,0.05468604291908051,0.16357867602432147,0.15619585914699965,0.21039418730820508,0.21399396077660252,0.1139743161335675,0.06330228509474274,0.16159518676785198,0.08260882598413241,0.07259042920441171,0.10842117645141083,0.1705025052158689,0.03751586183064279,0.0,0.14438069684015858,0.15815043958544847,0.029926378104837094,0.18757909681613202,0.2300301032193468,0.02368560002120874,0.09493914048744583,0.0238708263057498,0.18659471788908608,0.11719854219210163,0.08870760395336519,0.0484491005222302,0.22097114990755362,0.1155978177158536,0.14645263006649212,0.1636406023273376,0.04447874289425712,0.028164313701445464,0.17791502390401376,0.23688018205698996,0.01792065617930052,0.20339025869990532,0.3621264673878399,0.06324151416442386,0.039822335814500065,0.03402320661395355
1619,0.16851697992770323,0.17282936317076256,0.09185489619854653,0.2314278203518242,0.21646797600491113,0.1626266968719554,0.1575588695364873,0.14519228225525121,0.11872350173979908,0.22044877777438615,0.21945654524796884,0.12989097660507556,0.19089443153461222,0.18038989493070914,0.17146090010126566,0.182884269538406,0.1267610345699031,0.11747388316641996,0.1286451943996767,0.14438069684015858,0.0,0.2500495778205901,0.11483259735123119,0.12711005407212778,0.1863588879484686,0.12403225607217833,0.12127115350457258,0.12030005425861208,0.121578677557285,0.1244677186933471,0.20904908606614753,0.1395661167843553,0.1693940950611912,0.13550850111611876,0.1789741596654768,0.14183810566277905,0.14019307592589972,0.12918707464547013,0.14108690749404107,0.24321564170889495,0.12490272709691873,0.1599107876681743,0.32388692639148087,0.18167555132818777,0.16549070699318766,0.14036930771145056
1670,0.17785245527442659,0.21750405717758353,0.25013928055570095,0.2874043695334287,0.21725133790118878,0.27291119631460525,0.17252005856990868,0.2351584486354487,0.2191360967963697,0.23548263916675047,0.22858600149311256,0.19898613174469246,0.20265851773747803,0.22100815653321146,0.1859147431511828,0.18286672157441594,0.1865946258780133,0.27466343185024544,0.16440493286381982,0.15815043958544847,0.2500495778205901,0.0,0.16268063294898005,0.27035760479583476,0.33193195867434516,0.16142450770762531,0.1731455672410438,0.16495806691803983,0.27235941844826156,0.19420135002902733,0.19184964323484627,0.19348831783332415,0.2858116747658956,0.19212040281550063,0.21926860592120476,0.234623789668449,0.1808833435630339,0.15282463995504647,0.24343871996757419,0.2900059865111051,0.16426598411938684,0.311808929608581,0.42258077063545957,0.18250820317996574,0.16055659931331112,0.15899102397465684
460,0.10216490216426374,0.15498051045569572,0.1140233981274794,0.25603700290374215,0.11019857922754439,0.2052098933663682,0.058713579834681555,0.13225964372428914,0.12402279445168861,0.17477505313562441,0.17904510459673756,0.08793631730339163,0.08057823593026675,0.13986176025703187,0.07446216502222448,0.08148837373303033,0.09686785384151521,0.15019203912018275,0.030601685197729996,0.029926378104837094,0.11483259735123122,0.16268063294898005,0.0,0.15362497887015694,0.21672242128844335,0.01606477597293823,0.06730851817142848,0.014041710794506395,0.15105547920861823,0.0968676648263533,0.08534486497100421,0.043491804685748044,0.18279499040438882,0.07572876262978696,0.15065989164987018,0.13031575384867636,0.05072894269739609,0.02697861940408808,0.1591034693725553,0.21398493081253167,0.02090993696698708,0.1876410305847674,0.33326939841173503,0.06883635488462679,0.030230326650913537,0.02842925506257246
854,0.22947410086572523,0.17523172882036822,0.06252996524228183,0.26750127110082317,0.24775381179332504,0.25860183887803917,0.20636892405078303,0.03968150684412671,0.08084673536888462,0.18619080256623385,0.1997400680602328,0.13071299838484218,0.17534134577859992,0.15656471264366179,0.158948152887927,0.20084773760536392,0.1333428253240977,0.07600974106448954,0.16316923145898027,0.18757909681613202,0.12711005407212778,0.27035760479583476,0.15362497887015694,0.0,0.16085042157972657,0.1554879961045626,0.12377129991434793,0.144958879652318,0.1114966387627751,0.1278170018335176,0.24960183350310683,0.16981569741185693,0.16530960924239602,0.14460625839774935,0.23159761814013338,0.02635890534841345,0.21281072989271968,0.16579199275233647,0.12491818614236876,0.19514433736916237,0.14809836927631795,0.11213333061485362,0.39071387221843784,0.15328744061961713,0.16951935522439165,0.18140717240233428
1656,0.3048733553614213,0.2140327904335685,0.10781430693827675,0.33856310108932525,0.29095867905024614,0.26233874630478826,0.25104770341000127,0.19431266084936016,0.208789808337576,0.23432386924551454,0.24160242207607702,0.15598603840892095,0.30042564890521684,0.17745175924392545,0.2920509028332976,0.23731805533976127,0.1703940839527169,0.08307731127865242,0.21723546524447712,0.2300301032193468,0.1863588879484686,0.33193195867434516,0.21672242128844335,0.16085042157972657,0.0,0.20614852316525767,0.2078609664003697,0.1944899579278522,0.11410370376151949,0.1629928482728206,0.29514480764012907,0.18108774410915066,0.16535065014351139,0.16487190432227627,0.29940144240306676,0.2011490938736761,0.27016884942562697,0.21399765785444097,0.11711507937203143,0.14273534452897324,0.19034326443152016,0.05075301984606703,0.41692078143995404,0.2829409886069886,0.23052635162154111,0.203670632633288
44,0.10584275860396886,0.15537617079440005,0.11385764896190302,0.2696163237585724,0.0967428175255351,0.21962779744583155,0.048069579783716676,0.13438915462708553,0.13108315439518117,0.16958206389071728,0.17453370529102727,0.07931947400094282,0.08340652141173595,0.14200508563805828,0.07777425468924788,0.07633581746391074,0.0843059522738033,0.14380531258798215,0.019401133146136892,0.02368560002120874,0.12403225607217833,0.16142450770762531,0.01606477597293823,0.1554879961045626,0.20614852316525767,0.0,0.06688682571152317,0.0064662842779215435,0.15529144112887486,0.08842955169050515,0.08141262591097785,0.041594856774994256,0.18301344748942303,0.07002462494058218,0.16707183939696457,0.13546402968597743,0.0511785717705424,0.010333525069753227,0.1494936670152484,0.2179263636315811,0.010214935283982079,0.16776770945892577,0.3539520356447746,0.07017165604078825,0.02265494329311661,0.01813820439043912
1396,0.15746324395864747,0.130157281258774,0.09461392665781927,0.2484297061665012,0.15012249945315428,0.2136175849671576,0.11946792398201823,0.11875313188853961,0.11197703307092755,0.16315420898678912,0.16764068583392822,0.06577933840396374,0.13730976894515212,0.11374402603086024,0.11025413004897021,0.13315781410602867,0.06946835059541523,0.13003049302716638,0.08687356825843502,0.09493914048744583,0.12127115350457258,0.1731455672410438,0.06730851817142848,0.12377129991434793,0.2078609664003697,0.06688682571152317,0.0,0.061649935419590546,0.13950890630995103,0.0714775239958653,0.12637947039915431,0.06416128835011486,0.16798517144797634,0.07208470393014887,0.20254732469969886,0.11836218331686833,0.12760594433254174,0.06413475761899771,0.12045444072168372,0.1786794209902323,0.07573716109078339,0.15704917365714297,0.3261107701587029,0.11388042289333827,0.07052240960245841,0.0893065506989045
458,0.12025931274632817,0.14753446288920516,0.10025063492484078,0.27585863194679383,0.105044946407208,0.214268285568736,0.05772708801002882,0.1256626977905295,0.12433807231319993,0.16891422558659266,0.1745822948872938,0.07241513278561687,0.08736437574457276,0.13236537483068445,0.07979527404233062,0.07793377322100266,0.0832017922527033,0.12958554782069384,0.02547409965130983,0.0238708263057498,0.12030005425861208,0.16495806691803983,0.014041710794506395,0.144958879652318,0.1944899579278522,0.0064662842779215435,0.061649935419590546,0.0,0.1420669310263953,0.0838501366063926,0.08485131705500515,0.03429464966082809,0.18096960498444944,0.06764490114682337,0.16445470945819549,0.12740257466160465,0.052254577077849605,0.01856300554923514,0.14281872625823167,0.19569309418438025,0.007676840948079628,0.1539584364945087,0.3543639296650421,0.06966893152205707,0.020226752252688943,0.023693095362557277
1435,0.2487707525020591,0.11275267987645078,0.050685883721055786,0.26509427672694214,0.2560673494496672,0.22333956667968727,0.20476714153153236,0.12579467910814893,0.1363193616277222,0.17997871035226426,0.18842067887107825,0.08050724321511324,0.24339738797642216,0.10014189636184652,0.22286424797146304,0.18109334188213808,0.09049684187114014,0.04577963748633919,0.14148498083597452,0.18659471788908608,0.121578677557285,0.27235941844826156,0.15105547920861823,0.1114966387627751,0.11410370376151949,0.15529144112887489,0.13950890630995103,0.1420669310263953,0.0,0.08383511881652883,0.24816620235866246,0.17743869449400937,0.07950105518068812,0.08915948511797958,0.2637788864394371,0.12806214341160654,0.21167151563239006,0.1726210392607634,0.06472549030804826,0.1408028312846886,0.15059609395440737,0.1236193132608217,0.3955146668244377,0.2193372229335491,0.1896166080850132,0.14420500011046197
1439,0.16783038309830758,0.12063501327102889,0.07872081644968283,0.24432559307111504,0.1686729639410897,0.2122617240285527,0.13152228858154524,0.11409194845031181,0.1175473298042765,0.14732776410017331,0.15380141419815008,0.029712526979454007,0.1592230563806297,0.08446962460571908,0.13569855254649157,0.13614693729060723,0.03245193192358713,0.09925896613424603,0.08474619439513331,0.11719854219210163,0.1244677186933471,0.19420135002902733,0.0968676648263533,0.1278170018335176,0.1629928482728206,0.08842955169050515,0.0714775239958653,0.0838501366063926,0.08383511881652883,0.0,0.1531521959822309,0.10819947972167146,0.11991062107677693,0.04057583228423228,0.21765820036786263,0.1156629519895984,0.14421651987908557,0.09772032716885454,0.07619522556899105,0.16050407366525093,0.09470990572507634,0.1322607558576361,0.3435955148591824,0.13862143214201034,0.11172995237022101,0.08422177431865117
1014,0.15837610924355214,0.215466843440021,0.20746972258323637,0.3371768178868754,0.10948053636687093,0.2568536803709262,0.11179716029490268,0.2254656539138235,0.2126765068720707,0.21149245282767543,0.21011900276672227,0.14860401437981438,0.13682522802219996,0.20648855996620688,0.13231368744430155,0.13715527537019825,0.1596010566291766,0.24701508028900848,0.09900427825340763,0.08870760395336519,0.20904908606614753,0.19184964323484627,0.08534486497100421,0.24960183350310683,0.295144807640129,0.08141262591097785,0.12637947039915431,0.08485131705500515,0.24816620235866246,0.1531521959822309,0.0,0.1065688267704599,0.2557309775987947,0.1444470180903195,0.2295074384969676,0.22605091528507912,0.11003080005770143,0.08420043335608375,0.23744241833218577,0.27887702673103837,0.09530884247579924,0.26481436778732204,0.3680190787178515,0.13254664160766924,0.07840490695767163,0.09358167489129017
457,0.15302118437900966,0.18286287325061676,0.12945419655205992,0.2993493844810515,0.12347379783239835,0.21646616345978595,0.08119543429904265,0.16870141958285362,0.16148094148174136,0.20135235772262333,0.20602831407500458,0.09298290427158551,0.10567295898000509,0.1418463368776815,0.1184988954086665,0.10202328661345608,0.10952450090884537,0.15928667369321484,0.06378076097207969,0.0484491005222302,0.1395661167843553,0.19348831783332415,0.043491804685748044,0.16981569741185693,0.18108774410915066,0.041594856774994256,0.06416128835011486,0.03429464966082809,0.17743869449400937,0.10819947972167146,0.1065688267704599,0.0,0.20628942035246442,0.10520346401697254,0.17212556254002828,0.16867351918043186,0.09360852409904608,0.05193142761384814,0.1674489187302528,0.1779756259143459,0.04388052520025461,0.14678954797510976,0.33335241951118394,0.10150111433595704,0.04718780336796758,0.05312880442849134
1333,0.2467238900091835,0.1553902772630597,0.1137704090851465,0.2590733633051245,0.27117654544140135,0.255528931312311,0.22802335140654859,0.169244867994177,0.17480931904283756,0.15241655570884216,0.16170791539725987,0.11755678025862594,0.2635027495062284,0.12241442658610267,0.24262607372843437,0.21162216092704011,0.12125099445715906,0.1122298754657986,0.17142279791537135,0.22097114990755362,0.1693940950611912,0.2858116747658956,0.18279499040438876,0.16530960924239602,0.16535065014351139,0.18301344748942303,0.16798517144797634,0.18096960498444944,0.07950105518068812,0.11991062107677693,0.2557309775987947,0.2062894203524644,0.0,0.12346551519892904,0.3001651528357635,0.1668136673539529,0.24059181472099858,0.19310230996051164,0.10133506627694809,0.17231289156640542,0.19198314617772383,0.17383385148981484,0.43029561366723457,0.2468082001684916,0.20875956792319306,0.16911392321046445
1332,0.1658782336030526,0.12246985644922226,0.09388835428544345,0.2628644904775494,0.16415584801037533,0.203751273863297,0.12451482421125763,0.12190666594658547,0.122074275426807,0.14534490599639335,0.14601417386919463,0.018274869539891603,0.16308563967806938,0.08409642887658328,0.13062065809765896,0.12311212150237547,0.027877004794786216,0.11171031875330716,0.07433304708289691,0.1155978177158536,0.13550850111611876,0.19212040281550063,0.07572876262978696,0.14460625839774935,0.1648719043222763,0.07002462494058219,0.07208470393014887,0.06764490114682337,0.08915948511797958,0.04057583228423228,0.1444470180903195,0.10520346401697252,0.12346551519892904,0.0,0.21080678950726917,0.12450012376042005,0.13307757162736977,0.07952008275338121,0.09041794879033856,0.15959299537394245,0.0772497590713963,0.1490919972667684,0.33610488562929086,0.1347367389245322,0.08438081040944764,0.05892919770977142
852,0.17826407902480912,0.25012547469487156,0.24375568294896297,0.2765432864712151,0.23747326154743612,0.24781382088687487,0.15271266905533423,0.22644482671437235,0.2020045131558181,0.28407838896660825,0.2773772233869461,0.21562626521473688,0.1597901065185765,0.23157728469315247,0.16833479424629005,0.16663789239979807,0.1918858985558521,0.24312303759732684,0.16500616598785517,0.14645263006649212,0.1789741596654768,0.21926860592120476,0.15065989164987018,0.23159761814013338,0.29940144240306676,0.16707183939696457,0.2025473246996988,0.16445470945819549,0.2637788864394371,0.21765820036786263,0.2295074384969676,0.17212556254002828,0.3001651528357635,0.21080678950726917,0.0,0.21464680210059692,0.1492274573827753,0.17175043930899192,0.2519532164767618,0.2779932291762616,0.15165785599245996,0.2926684466371977,0.33636398790193206,0.15967825409928255,0.17345917553472023,0.15946509583290308
857,0.19987749234234073,0.16881060118273156,0.09021213919061973,0.24488367275428757,0.22459618747602164,0.2577942483880228,0.18262247652858898,0.020887392541468448,0.05647930797741609,0.18007456803765892,0.1940432252682526,0.12828975596453776,0.13875580778232144,0.1370983896360796,0.11014703117412904,0.17405120855716555,0.12319870235424706,0.10126266579540577,0.13990267836922876,0.1636406023273376,0.14183810566277905,0.234623789668449,0.13031575384867636,0.02635890534841345,0.2011490938736761,0.13546402968597743,0.11836218331686833,0.12740257466160465,0.12806214341160654,0.1156629519895984,0.22605091528507912,0.16867351918043186,0.1668136673539529,0.12450012376042005,0.21464680210059692,0.0,0.18711205901600328,0.14624153721217903,0.13304625654202282,0.2101201353661285,0.1263673264531039,0.1528818764991453,0.39047167895747636,0.10973247777774753,0.1469760871103645,0.15866171830049053
461,0.12306498539654787,0.19550574989189978,0.18280359606030666,0.288376307338432,0.12243520909189008,0.23028323349489493,0.09128521037090814,0.18694563653467675,0.17346709780020697,0.22191016921689583,0.2227683202751364,0.13846760713925155,0.10482619227279061,0.17613540518284967,0.10677925717129158,0.11171001398184281,0.131226689964948,0.20604502564739305,0.06293371247038125,0.04447874289425712,0.14019307592589972,0.1808833435630339,0.05072894269739609,0.21281072989271968,0.27016884942562697,0.0511785717705424,0.12760594433254174,0.052254577077849605,0.21167151563239006,0.14421651987908557,0.11003080005770143,0.09360852409904608,0.24059181472099858,0.13307757162736977,0.1492274573827753,0.18711205901600328,0.0,0.05756315819218052,0.20155802444124668,0.2732741506549601,0.051239922335848884,0.24506998408290703,0.36269682055061264,0.10238871350123921,0.0746103087957296,0.06125163339739299
1668,0.10396928866456062,0.16034815929778723,0.1273996962831231,0.2621279825967309,0.10025777781397972,0.21578433010111353,0.0531631684538029,0.14559124039290677,0.13741895409464386,0.17068380536259484,0.1752794820625853,0.08904156931135619,0.09041254121130174,0.14769862216839796,0.08298145512477655,0.08570840920647627,0.08954513018444152,0.15603518466615798,0.030616466961157586,0.028164313701445464,0.12918707464547013,0.15282463995504647,0.02697861940408808,0.16579199275233647,0.21399765785444097,0.010333525069753227,0.06413475761899771,0.01856300554923514,0.1726210392607634,0.09772032716885452,0.08420043335608375,0.05193142761384814,0.19310230996051164,0.0795200827533812,0.17175043930899192,0.14624153721217903,0.05756315819218052,0.0,0.1446226710248649,0.22953762947426926,0.019421577392348635,0.17506690974391484,0.356122893272482,0.07867335883177261,0.029365320561439163,0.02750811878442644
821,0.21938790513945455,0.12992281103368133,0.08908754709813575,0.22931248130728096,0.24905597311917163,0.23506522168440372,0.1888744007049146,0.13076931167391156,0.12967875077087926,0.1500148499808216,0.15780018037858337,0.08489966400633678,0.22977080883033105,0.09947494623778669,0.21153086748434,0.19426186634440581,0.07489096590611992,0.06852240155696121,0.13087668539868208,0.17791502390401373,0.14108690749404107,0.24343871996757419,0.1591034693725553,0.12491818614236876,0.11711507937203143,0.1494936670152484,0.12045444072168372,0.14281872625823167,0.06472549030804825,0.07619522556899105,0.23744241833218577,0.1674489187302528,0.10133506627694809,0.09041794879033856,0.2519532164767618,0.13304625654202282,0.2015580244412467,0.14462267102486487,0.0,0.14545628613659287,0.14596017834240277,0.11372834914311215,0.39769861484911895,0.20925957903326833,0.1706645414912727,0.14234892200274465
979,0.32735032504121153,0.2062711516441924,0.1499848724043052,0.35542522149015643,0.2868223259386325,0.2643869424729549,0.26300774760134155,0.20636659344231384,0.22141156425630165,0.21716207732514334,0.22776356503512762,0.15171138069351225,0.2992366170304687,0.13443685501008895,0.2847948968131529,0.21763969979159312,0.16754654927563195,0.13209779304064487,0.20697061380851992,0.23688018205698996,0.24321564170889495,0.2900059865111051,0.21398493081253167,0.19514433736916237,0.14273534452897324,0.2179263636315811,0.1786794209902323,0.19569309418438025,0.1408028312846886,0.16050407366525093,0.27887702673103837,0.1779756259143459,0.17231289156640542,0.15959299537394245,0.2779932291762617,0.2101201353661285,0.2732741506549601,0.22953762947426926,0.14545628613659287,0.0,0.20681483228752415,0.1578324864683515,0.4207163594524548,0.27370672206838786,0.20431622137844785,0.19893657752380353
552,0.11516988123459546,0.14643114768278848,0.11306975284530586,0.27112565098468105,0.10731054515178318,0.22084640655742005,0.0518221351896808,0.12441848310958997,0.1252926749952215,0.1804639627963678,0.18574802389938172,0.08635669745496714,0.08043501549306656,0.13903347458799378,0.08159714434080234,0.0745725290667478,0.08489995127225373,0.12409798222344542,0.027466462858678407,0.01792065617930052,0.12490272709691873,0.16426598411938684,0.02090993696698708,0.14809836927631795,0.19034326443152016,0.010214935283982079,0.07573716109078339,0.00767684094807963,0.15059609395440737,0.09470990572507632,0.09530884247579924,0.0438805252002546,0.19198314617772383,0.0772497590713963,0.15165785599245996,0.1263673264531039,0.051239922335848884,0.019421577392348635,0.1459601783424027,0.20681483228752415,0.0,0.1551642296711662,0.35561296473933207,0.0657631585275026,0.025828863918140335,0.026049774223758877
133,0.2943040407166859,0.22036196518394388,0.06974935869403559,0.343632523637444,0.26349487377910324,0.2741358040921189,0.22501279935315743,0.14401011985745632,0.1698315656439223,0.2323232981728962,0.24312946042017672,0.13598345351968932,0.27490529111947876,0.1835451117338045,0.2620479381430905,0.23066751291391913,0.15072238825933765,0.06903679653831621,0.198982889054505,0.20339025869990532,0.1599107876681743,0.311808929608581,0.1876410305847674,0.11213333061485362,0.05075301984606703,0.16776770945892577,0.15704917365714297,0.1539584364945087,0.1236193132608217,0.1322607558576361,0.26481436778732204,0.1467895479751098,0.17383385148981484,0.1490919972667684,0.2926684466371977,0.1528818764991453,0.24506998408290703,0.17506690974391484,0.11372834914311215,0.1578324864683515,0.1551642296711662,0.0,0.4334089504609185,0.24855220634586322,0.19301030180716303,0.19048250021497354
313,0.3030246318474641,0.3446765120487401,0.3765528885563066,0.3599231930765227,0.3959404943159971,0.38221897513099035,0.31505788708568494,0.39429555990084525,0.3615960241722861,0.4241318597581755,0.4099931798437543,0.33861189228688215,0.3652854822915644,0.37014465982147676,0.34556728320754077,0.34875982853413756,0.341497208876124,0.3911939622219947,0.342794329703243,0.3621264673878399,0.32388692639148087,0.42258077063545957,0.33326939841173503,0.39071387221843784,0.41692078143995404,0.3539520356447746,0.3261107701587029,0.3543639296650421,0.3955146668244377,0.3435955148591824,0.3680190787178515,0.3333524195111839,0.43029561366723457,0.33610488562929086,0.33636398790193206,0.39047167895747636,0.36269682055061264,0.356122893272482,0.39769861484911906,0.4207163594524548,0.35561296473933207,0.4334089504609185,0.0,0.3708035813267247,0.35727442338439425,0.3450286188501603
858,0.12629057115226755,0.19787436778456022,0.18583589262407502,0.27618114494970575,0.14420602367813928,0.2671792549398498,0.09951863925414191,0.10325947122280527,0.10114607082624766,0.2144783152728103,0.2202561025930529,0.1384768082803432,0.023026207959834614,0.16983672297721217,0.023464643332134896,0.10790618750524461,0.13111696247785046,0.2070972110650383,0.07650460672439134,0.06324151416442386,0.18167555132818777,0.18250820317996574,0.06883635488462679,0.15328744061961713,0.2829409886069886,0.07017165604078825,0.11388042289333827,0.06966893152205707,0.2193372229335491,0.13862143214201034,0.13254664160766924,0.10150111433595704,0.2468082001684916,0.1347367389245322,0.15967825409928255,0.10973247777774753,0.10238871350123921,0.07867335883177261,0.20925957903326833,0.27370672206838786,0.0657631585275026,0.24855220634586322,0.3708035813267247,0.0,0.07163125258633322,0.08289139694809115
