Id,38,715,632,635,634,910,898,766
38,0.0,0.0,0.6073619631901841,0.4387755102040816,0.61875,0.3673469387755102,0.6511627906976745,0.5925925925925926
715,0.0,0.0,0.6073619631901841,0.4387755102040816,0.61875,0.3673469387755102,0.6511627906976745,0.5925925925925926
632,0.6073619631901841,0.6073619631901841,0.0,0.5153374233128835,0.018404907975460124,0.5950920245398773,0.4697674418604651,0.018404907975460124
635,0.4387755102040816,0.4387755102040816,0.5153374233128835,0.0,0.525,0.26666666666666666,0.6744186046511628,0.5
634,0.61875,0.61875,0.018404907975460124,0.525,0.0,0.60625,0.4697674418604651,0.018518518518518517
910,0.3673469387755102,0.3673469387755102,0.5950920245398773,0.26666666666666666,0.60625,0.0,0.6046511627906976,0.5802469135802469
898,0.6511627906976745,0.6511627906976745,0.4697674418604651,0.6744186046511628,0.4697674418604651,0.6046511627906976,0.0,0.4697674418604651
766,0.5925925925925926,0.5925925925925926,0.018404907975460124,0.5,0.018518518518518517,0.5802469135802469,0.4697674418604651,0.0
