Id,38,715,632,635,634,910,898,766
38,0.0,0.0,0.7276073619631902,0.47959183673469385,0.7275,0.3979591836734694,0.772093023255814,0.7074074074074075
715,0.0,0.0,0.7276073619631902,0.47959183673469385,0.7275,0.3979591836734694,0.772093023255814,0.7074074074074075
632,0.7276073619631902,0.7276073619631902,0.0,0.6208588957055214,0.02208588957055213,0.7177914110429449,0.5116279069767442,0.024539877300613466
635,0.47959183673469385,0.47959183673469385,0.6208588957055214,0.0,0.61875,0.3222222222222222,0.8093023255813954,0.6
634,0.7275,0.7275,0.02208588957055213,0.61875,0.0,0.7175,0.5153488372093022,0.023456790123456805
910,0.3979591836734694,0.3979591836734694,0.7177914110429449,0.3222222222222222,0.7175,0.0,0.7302325581395348,0.6975308641975309
898,0.772093023255814,0.772093023255814,0.5116279069767442,0.8093023255813954,0.5153488372093022,0.7302325581395348,0.0,0.5172093023255814
766,0.7074074074074075,0.7074074074074075,0.024539877300613466,0.6,0.023456790123456805,0.6975308641975309,0.5172093023255814,0.0
