Id,geacron_similarity,concept_similarity
816,0.7961,0.82055867354099
673,-1,0.8584291923935901
1067,0.8966,0.84548259090344
1764,-1,0.84907291138422
1064,0.8927,0.5422688840038801
306,0.8247,0.977036464269611
1206,0.8899,0.8673726184320301
1083,0.7997,0.77685697171723
1125,0.8901,0.7805410276597999
1658,-1,0.82981346713264
659,0.893,0.75868415055674
147,0.8931,0.76928576571659
317,0.9,-1
696,-1,0.7025823358118
800,0.6760999999999999,-1
1239,0.7666,-1
1889,-1,0.77716424442362
1614,-1,0.85123965920266
1272,-1,0.7939494622683
606,0.8909,0.75019032811707
1908,-1,0.77669855678947
1715,-1,0.79357412301757
136,0.8991,0.9498372892293
328,0.7958000000000001,0.76006229151525
1767,-1,0.73559962582164
611,0.8924,0.7375186672273499
252,0.8972,0.73922725117608
1378,0,-1
408,-1,0.86917517143574
1997,-1,0.75654021310699
827,0.8994,-1
1728,-1,0.79744359077536
1424,0,-1
1044,0.8938,0.77218573907236
1948,0.998,0.72300416671472
431,0.8978,0.75171416690446
1194,0.9946,0.7614045367905999
1683,-1,0.76633993871546
326,0.6929000000000001,-1
577,0.8998,0.82153045117906
874,0.8744000000000001,-1
1785,0.8913,0.6995594175820901
839,0.8994,0.71475193687653
2062,-1,0.73166929536476
135,0.893,0.74656450874465
1887,-1,0.77799789141257
1061,0.8927,0.5361448115708101
946,0.895,0.80127486546514
1312,0.8988,0.7336067030294
1292,0.8936999999999999,0.7496505099091599
396,-1,0.83864037638264
1688,-1,0.76664176164616
75,-1,0.8770148615361
2027,-1,0.73286080639556
652,0.8382000000000001,0.947252391546496
257,0.8988,0.72937113097233
1804,-1,0.73356607043284
371,0.7924,0.7365070125817901
150,0.8989,0.84769229378107
1186,0.8911,-1
341,0.893,0.75304761381077
1705,-1,0.7656032538123501
1991,0.8883,0.81877742824848
820,0.8773,0.7191502565097301
1727,-1,0.80760000291476
1996,0.8867,0.949295530738268
843,0.8994,-1
1270,-1,0.84911646349547
1364,0.893,-1
80,-1,0.81629146944083
749,0.8992,0.76994706751759
350,0.893,0.75131757561182
973,0.898,0.82490222824084
2008,-1,0.73098285088646
27,0.893,0.73122516407646
1460,0.897,0.88310342296967
866,0.8996999999999999,-1
1352,0.893,-1
249,0.8969,0.71528498776866
1004,0.8913,-1
372,0.8988,0.7365717495550199
836,0.8994,0.74816126960247
1109,0.8998,0.81051333507058
963,-1,0.77134277404687
1252,0.8824,0.77809040380242
1168,0.9941,0.80844396580046
1222,0.897,0.70419535038092
1477,0.873,-1
228,0.8955,0.75583203590215
1566,0.8907,0.76877429766896
1933,-1,0.83910281689793
823,0.8989,0.72396045642915
1678,-1,0.76608268253673
1659,-1,0.74780207527812
1935,0.8941,0.80239948504108
1590,-1,0.84850518172422
1120,0.8399,0.76640381185646
269,0.7906,0.72692621331757
1466,-1,0.82963733534823
282,0.8995,0.73252974472709
1560,0.8674999999999999,-1
1884,-1,0.77660982903536
2070,-1,0.7796476236730601
1234,0.8994,-1
1595,-1,0.85048149045761
832,0.899,0.74614573331278
1747,0.7224999999999999,-1
1620,-1,0.89721202102631
1810,-1,0.78581987827708
1307,0.8976999999999999,0.7225935516169
1423,0.8984,-1
1631,0.8998,-1
287,0.9946,0.73388341565221
2004,-1,0.73779016007272
2025,-1,0.74106693583382
398,-1,0.7258200170586799
130,0.8594999999999999,0.78394294653593
1266,0.8916,-1
580,-1,0.83927643674513
1554,-1,0.77182820681326
1198,-1,0.8836281745132399
1825,-1,0.813087428551
828,0.9,-1
1260,-1,0.79888766019422
348,0.893,0.71320350724311
675,0.8994,0.75069519312944
1954,-1,0.77704674346323
17,0.8924,0.7491719894223701
1165,0.9984,-1
454,0.8968,0.9394987757822459
572,-1,0.82231529175088
260,0.8974,0.7466585415628799
1113,0.8399,0.76377090588005
23,0.895,0.7208813897142
30,0.895,0.72088257442054
268,0.7906,0.72551082882186
661,0.893,0.75646649196195
544,0.848,-1
912,0.8962,0.83560361028636
1546,-1,0.8596350624654
2058,-1,0.7271526782736399
856,-1,0.89526318048096
1845,-1,0.7767835023416501
342,0.893,0.74738407937242
990,0.9939,0.78906065706523
1137,0.8904,-1
604,-1,0.86414210389546
133,-1,0.918334230052592
777,0.9946,0.83806915167796
305,0.8988,0.85026737510977
754,0.7985,-1
1873,-1,0.77661547043814
1470,0.8996999999999999,0.956858092864275
1766,-1,0.86793869616317
421,0.9946,0.74430944944905
1964,-1,0.81721058818184
259,0.8974,0.7487993603509799
1042,0.8938,0.81160680957361
750,0.8992,0.75146556289808
1982,-1,0.80405445810991
1936,-1,0.80918209295473
573,-1,0.81960451294844
727,0.8399,0.76998428422215
1581,0.8936999999999999,0.81325101988996
1672,-1,0.78039983585808
1701,-1,0.76634449936542
1630,-1,0.83559740433964
1834,-1,0.81003993747565
1057,0.8861,0.76664276038226
1656,-1,0.900668484141033
1139,0.8953,0.81218145047185
863,0.8981,0.7708272771646
1401,-1,0.79594618142034
2093,-1,0.8124536671957601
210,0.37,-1
1484,0.9946,0.7632139721526701
1760,0.7224999999999999,-1
1903,-1,0.77661541650507
1542,-1,0.79928118722243
1552,-1,0.80090855226736
24,0.8988,0.7018929307530299
254,0.8994,0.72579438625277
1802,-1,0.8660117482345
2089,-1,0.82252653075937
1054,0.9846,-1
854,-1,0.921952674061658
1687,-1,0.76560509408586
1623,-1,0.929948110986603
1430,0.8972,0.941636237772444
1158,-1,0.78177970014009
1450,0.897,0.948906797913491
2039,0.7726999999999999,-1
1898,-1,0.76119106019201
229,0.895,0.72375548438558
1537,-1,0.86549286323643
638,0.8974,0.7491376873603199
279,0.8992,0.73027960058054
417,-1,0.83784110934688
54,0.7974,0.89027796528174
1236,0.8987,-1
1731,-1,0.82252223438308
808,0.8911,0.76613458353944
1526,0.5562,-1
1334,0.7991,-1
1311,0.8988,0.74784549547833
1415,0.8579,0.982807075419952
829,0.9,-1
209,0.8907,0.73258001532034
1159,-1,0.79356975610458
1532,-1,0.77829443020215
768,0.8908,0.78536119404773
528,0.5778,-1
70,0.8799,0.69843164627137
448,-1,0.7657815290143399
90,-1,0.82625468703358
940,0.8996999999999999,0.7015997496252
844,0.8992,-1
545,-1,0.7546898185636199
1038,0.8938,0.83101023360189
1877,-1,0.77799470461443
947,0.8996,0.7957687054093
926,-1,0.78000830135438
1761,-1,0.79195802262795
622,0.7924,0.7223270446983501
123,-1,0.78375821327263
406,-1,0.79966736752434
720,0.8994,-1
1748,0.7224999999999999,-1
2040,-1,0.79690239976656
559,-1,0.79454485563336
1051,0.8959,-1
1372,0.8996,-1
437,-1,0.70844721428619
14,0.6062000000000001,-1
1487,0.8947,-1
410,-1,0.85544012399858
802,0.8309,-1
1643,0.8998,-1
1119,0.8399,-1
530,0.6062000000000001,-1
325,0.8994,0.74813997379944
462,-1,0.941003067639003
2002,-1,0.79355314114476
1310,0.8988,0.7463774591318799
1584,0,-1
838,0.8994,0.76859421479102
1734,-1,0.78016214217208
1132,0.5999,-1
1071,0.6474,-1
3,0.5778,-1
432,0.8978,0.70837227976411
718,-1,0.85855106630245
928,-1,0.78000675825954
336,0.8659,-1
919,0.8966,0.77052552507701
2015,-1,0.77803176445551
900,0.8966,0.80268362774653
619,-1,0.73473966928825
1641,0.8998,-1
949,0.8793,0.7799358034734
1115,0.8399,0.76377465416663
655,-1,0.7704279852428499
460,-1,0.9293811211098499
1639,0.8998,-1
1995,-1,0.7791944845205501
549,-1,0.8627024183432099
2035,0.7726999999999999,-1
1644,-1,0.84345794838709
395,0.8995,0.81337134258971
1861,-1,0.77661191386124
1050,0.8986,0.902054383671135
988,0.9939,0.79776550424479
1015,0.8938,0.80602048933143
942,0.8953,-1
1819,-1,0.82552373859525
1538,-1,0.7563386272925801
420,0.9946,0.72476770936184
1689,-1,0.7663495704465599
1474,0.8679,-1
1759,0.7224999999999999,-1
1161,-1,0.78323740456307
1074,0.8336,-1
354,0.8924,0.73844794942283
1822,-1,0.7795697149322101
712,0.8979,0.82034525988345
104,-1,0.78925258300446
684,-1,0.8373484383230501
883,0.8926000000000001,0.8909825921853
207,0.8906000000000001,0.75261357825876
224,0.8976,0.80011269422986
404,0.8994,0.78773071348464
1286,-1,0.84258779597056
1907,-1,0.7779947353896199
894,0.6839,-1
584,-1,0.81878603665959
1370,0.8793,-1
1107,-1,0.7977328648741
1331,0.8634999999999999,0.960634998882541
891,0.9767,0.86985438580901
50,0.9995,0.79982921209356
1097,0.899,-1
1859,-1,0.77669740669752
960,0.8793,-1
555,-1,0.7271214677583899
2094,-1,0.81245923724859
1793,-1,0.87160173139959
1340,0,-1
1925,-1,0.77756425297877
1238,0.8972,-1
113,-1,0.69649850461567
40,-1,0.84803677827989
1920,-1,0.77661219850245
1390,-1,0.77805121326975
594,-1,0.82925923516009
220,0.8992,0.71714075449436
1465,-1,0.8699665446550799
1953,-1,0.78413569842446
316,0.9,0.92649647584899
1279,0.899,-1
924,-1,0.78000473894752
450,-1,0.7248394705269801
2078,-1,0.77987491301559
1413,-1,0.7676197447865301
100,0.8949,0.7335737527150701
1928,0.997,-1
1436,0.8738,0.966989832596867
564,0.8793,-1
1451,0.897,0.950877554765634
1890,-1,0.7766141729386999
384,0.9962,0.8327910123198901
1391,-1,0.78268890666863
804,0.8958,0.86873603810784
163,0.8992,0.88295163513029
1900,-1,0.7779965989034701
1138,0.8988,-1
639,-1,0.8149263921769501
1280,0.7967,0.7308780421987
2009,-1,0.76721554385793
1600,-1,0.84293246020192
299,0.8948,0.95777080936992
168,0.995,0.83200807449311
2036,0.7726999999999999,-1
1663,0.895,0.74726210848102
1281,0.8963,0.72900788626019
798,0.8796,-1
717,0.7906,0.80215290772813
1789,0.8913,0.76163111501717
923,-1,0.7799928685856
1545,-1,0.89192203961881
1025,0.8938,0.80008388895993
574,-1,0.86673493421534
1190,1.0,0.71757315176851
1835,-1,0.81418633427111
32,0.7726999999999999,-1
1969,-1,0.7411515615909601
1053,0.9846,-1
837,0.8994,0.76854216634343
1076,0.8952,0.78781178213779
1359,0.793,-1
1180,0,-1
1726,-1,0.75949902302058
1062,0.8927,0.75709889076132
852,-1,0.86506965812667
394,-1,0.83043927538102
1840,-1,0.7841597061333
620,-1,0.69414602261696
1175,0.7919,0.81907260931982
1215,0.8899,-1
1772,-1,0.79460176334098
1229,0.7958000000000001,0.84330282723084
1755,0.7224999999999999,-1
313,0.8382000000000001,0.916959241306917
744,0.8992,0.71004877386154
1972,0.8989,0.78537231640943
1156,-1,0.65280301976637
1197,0.9946,0.73038162512292
688,0.8645,-1
41,-1,0.87514275938742
1820,-1,0.79576679431202
387,0,0.78244200175562
1938,0.9957,-1
1072,0.8928,0.7760897955104
1069,0.8992,0.85456238733339
310,0.7046,-1
1332,0.8396,0.974367610580397
129,-1,0.77053433700196
1837,-1,0.81465889294752
1693,-1,0.76560919541419
493,-1,0.74748250231464
196,0.9865,0.54942984187079
2056,-1,0.73285556479234
1605,-1,0.85783908753201
1392,0.9963,0.7443414569460001
2041,0.8336,-1
1214,0.8719,-1
302,0.9982,0.963894214817138
1986,-1,0.74957029188238
1389,-1,0.76559900724339
1365,0.893,0.74369534659308
1375,0.8941,0.86997720299374
143,0.8964,0.71674240713068
2074,-1,0.76806598098984
358,0.893,0.73942418583918
1192,0.9949,-1
1690,-1,0.76608453238666
1708,-1,0.76607710035504
2067,-1,0.77758363875792
977,0.8996999999999999,0.77935064932624
1028,0.8938,0.79791525624629
1412,-1,0.77003862826781
1874,-1,0.7775631349737699
1773,-1,0.75707801780478
161,0.8975,0.8269568995453
2030,-1,0.73166528255397
801,0.10999999999999999,-1
1373,0.8793,-1
1382,0.893,0.71744776257166
726,0.8382000000000001,0.74576426239445
1103,0.8916,-1
1405,-1,0.7815831170326
1616,-1,0.906277715804323
1023,0.8938,0.8173828095639
1994,-1,0.76783322150314
119,-1,0.68923012413232
1210,0.8994,-1
1797,-1,0.85557769571592
265,0.8974,0.74946646894401
1829,-1,0.77999072727052
1509,0,-1
1341,0.8329,-1
1182,0.6792,-1
253,0.7391,-1
897,0.8972,0.81857463215488
114,-1,0.66932184838515
2085,-1,0.82252664218349
1443,0.8952,0.8130391277157
1604,-1,0.84992650223864
1172,0.7912,-1
998,-1,0.7207893508212699
425,0.9946,0.72655067598822
906,0.8963,0.8075244052810799
1646,-1,0.84881962980336
1255,0.8793,-1
948,0.8991,0.7799414515455401
2055,-1,0.77902023946201
1452,-1,0.89639121004688
1869,-1,0.77678658797969
569,0.9511000000000001,-1
1589,-1,0.8694492765077
1152,-1,0.914542485417456
1807,-1,0.84025826530433
405,-1,0.8791358844639
1150,-1,0.74818247602306
764,0.8913,0.8236357685346101
1846,-1,0.77799463619628
1444,0.8647,-1
736,0.8382000000000001,0.74205811508802
1176,0.7906,0.7608341700561
1788,0.8913,0.82342810374647
1940,0.9957,0.85100041720534
1558,-1,0.83319400698256
690,0.8645,-1
1564,0.8996,0.76040426840483
1796,-1,0.8446619737368299
227,0.8975,-1
1246,0,0.88242640897087
699,-1,0.64945731076373
1501,0.8793,-1
1852,-1,0.77799394292767
650,0.7451,0.88514299384421
1128,0.8901,0.8130115258844299
1029,0.8938,0.79874901668262
1005,0.8913,-1
1016,0.8938,0.80237822875681
970,0.898,0.82882136402969
79,-1,0.84169478310488
775,0.9946,0.82850313280991
1990,0.8883,0.89119318313797
463,-1,0.900083803993982
1607,-1,0.84346986678854
2018,-1,0.82020965031462
1063,0.8927,0.75671606486863
1245,0,0.88242704090601
539,-1,0.87342858523357
84,-1,0.7665008997706
1642,0.8998,-1
1999,-1,0.76724863003681
1519,0.7968,-1
1251,-1,0.8547268041439
1551,-1,0.79749374328546
295,-1,0.88947775093371
120,-1,0.7015190393614801
1329,0.8774,-1
1790,0.8757,-1
933,-1,0.78000872155319
1943,0.8978,0.7996439646521201
1157,-1,0.7460899456696299
624,0.8995,0.73116206615694
1621,0.9,0.953863468770197
151,0.8924,0.8169900776736501
847,0.8936999999999999,0.80791008566615
1912,-1,0.77756191321515
179,0.8976,0.7690808177984501
1442,0.7108,0.89564290450286
788,0.41000000000000003,-1
319,0.8992,0.956758746171173
1962,-1,0.78177553130786
554,-1,0.76895522333016
276,0.8948,0.72391932884868
1047,0.9891,0.73386579539205
9,0.5778,-1
1093,0.8973,-1
434,0.997,0.75291833071381
1720,-1,0.79371903336107
938,-1,0.77422939196512
239,0.8976,0.69950744159441
345,0.893,0.72712749749228
1114,0.8399,0.76403593860175
697,-1,0.78178535952894
1636,0.8998,-1
455,-1,0.950090264248958
149,0.8978,0.7763237944146
1478,0.8639,-1
1533,-1,0.83822478086624
739,0.8992,0.80468647946341
1257,0,-1
155,0.8972,0.81862888050592
807,0.8982,0.7882851567847
950,0.895,0.77278011959461
446,-1,0.75198694345288
1549,-1,0.75092704100963
1915,-1,0.77678838693655
1853,-1,0.7766958024869299
1043,0.8938,0.89615877462037
71,-1,0.81225682526066
1774,-1,0.82470240826495
333,0.873,-1
26,0.8988,0.70189399917904
587,-1,0.78468631747309
1633,0.8998,-1
1831,-1,0.79963665394796
2063,-1,0.73286154309844
803,0.8309,-1
914,0.8975,0.7962574557716899
82,-1,0.72077109022287
273,0.7906,0.76860605837743
1667,-1,0.9269998560285511
1952,-1,0.76860692173078
1530,0.8974,0.89591116497998
830,0.899,0.75397298526586
1541,-1,0.77528696460004
779,0.9946,0.84635344923456
301,0.8938,0.965491785589687
1957,0.8898,-1
361,0.893,-1
433,0.8926000000000001,0.72331762793745
1758,0.7224999999999999,-1
1830,-1,0.81828339347693
49,0.7075,0.93950236003905
47,-1,0.928288802195668
724,0.8382000000000001,0.75431727513726
1302,0.8995,0.7547824128220499
1080,0.6,-1
1895,0.7726999999999999,-1
1963,-1,0.79273206972557
332,-1,0.77826689869206
285,0.8922,0.6892096512482799
861,0.8994,-1
991,0.8935,-1
22,0.8995,0.75812512391814
1806,-1,0.80028483362365
1085,0.7947,0.79380679964511
939,-1,0.77849448232706
751,0.8995,0.75565369221612
1250,0.8928,-1
1669,-1,0.78414107715242
116,-1,0.70145053959067
1183,0.8744000000000001,-1
1817,-1,0.85979324670825
357,0.893,-1
412,0.8935,0.73404017249453
374,0.897,0.7306449451067101
199,0.897,0.7672688234851099
892,0.7241,-1
1574,0.8936999999999999,0.8421149669721399
2072,-1,0.7788930064970601
1446,0.8699,0.956502336819394
809,0.8911,0.74705571198916
1337,0,-1
821,0.8714999999999999,0.951081151108228
1084,0.8971,0.79407347871672
36,-1,0.74028060471332
1224,-1,0.7700300615256099
1555,0.9951,0.81338226668121
1971,-1,0.76702473919424
1369,0.6595,-1
1832,-1,0.8094503684523799
1698,-1,0.76534640146017
641,0.893,0.72541998222061
1104,0.8916,-1
256,0.8981,0.74765743790259
146,0.8418,-1
289,0.8946000000000001,0.74679478335034
873,0.8982,0.78397677657965
365,0.893,0.75891095160552
1556,-1,0.73909470070102
623,0.7924,0.7223256891059799
2060,-1,0.73242685983314
1404,-1,0.781587425235
128,-1,0.8010718324291
453,-1,0.77180545662703
1082,0.7953,0.78354662395389
1213,-1,0.81795339501343
1017,0.8938,-1
1,0.5778,-1
1003,0.8999,0.7188572264647299
1218,0.8726,-1
676,-1,0.81390458569539
1950,-1,0.7806747993894501
1368,0.899,0.83681239325027
851,-1,0.77255771408578
1674,-1,0.76535199381598
464,0.885,0.88248169623475
445,-1,0.77333342628227
999,-1,0.7149064897703901
605,0.8907,0.7821982837679
1571,0.8936999999999999,0.86163549854238
1298,-1,0.968140821440983
1870,-1,0.77799670313778
1606,-1,0.8708752340802
178,0.9795,-1
2011,-1,0.77672889353854
634,-1,0.82808044666022
680,-1,0.75366649182304
1001,0.7995,0.77371642926643
729,0.8382000000000001,0.7737767715546899
1694,-1,0.76663775812012
538,-1,0.87032637363322
925,-1,0.78000371292774
531,0.5562,-1
596,0.8773,0.859753327941
1651,-1,0.76671133661174
86,-1,0.7387480219559099
1647,-1,0.87445472691118
1653,-1,0.8393592516448201
1379,0.8928,0.8038678897621601
651,0.8924,0.73816308790479
1353,0.8929,0.71750740262326
1981,-1,0.73716392751688
887,0.8904,0.89492610907044
721,0.7994,0.7988117710859
42,-1,0.87913578204569
1585,-1,0.77578051369306
993,0.8931,-1
1048,0.8174,-1
706,-1,0.76207909470191
1490,0.895,-1
728,0.8382000000000001,0.7421847350247
1572,0.6899,-1
1949,0.998,-1
1384,0.8955,0.75439006229976
21,0.8931,-1
108,-1,0.69688810634914
1167,0.8978,0.7851626776506699
1753,0.7224999999999999,-1
537,-1,0.85406658302561
456,-1,0.907730022620019
1324,0.8976,-1
359,0.893,0.73184377449107
327,0.7908,0.54796514942961
814,0.8399,0.74536772716599
833,0.18000000000000005,-1
126,-1,0.71412317073891
1680,-1,0.76534776094151
145,0.7224999999999999,0.968140891081214
1841,-1,0.78293392349966
1876,-1,0.7779954707408
158,0.8999,0.8251740422125
1009,0.8938,0.78887937336066
731,0.8382000000000001,0.7521052124873
1386,0.9949,0.88149359917243
1455,0.8999,0.930123277823839
43,-1,0.87670248998773
1645,-1,0.85150824513996
2073,-1,0.7798738620026899
1098,0.899,-1
1527,0.5562,-1
1454,0.8882,0.7870374208262401
678,-1,0.74870467515561
153,0.8988,-1
351,0.893,0.73857437608967
415,0.9949,0.86295613015886
1008,0.8938,0.79159886902304
1888,-1,0.77670062085864
1781,-1,0.931413478352328
805,0.8982,0.8125994675698001
367,0.893,0.75870539774256
922,-1,0.78000099576507
262,0.897,0.73878644592245
243,0.897,0.75143923415683
1322,0.8988,0.72427075289657
292,0.8996999999999999,0.72428664535415
1407,0.8716,-1
2022,-1,0.81781822797197
68,-1,0.72583217740533
1291,0.8936999999999999,0.74951447697658
1417,0.8975,0.943823529876358
1926,-1,0.82779953721129
112,-1,0.68583046307202
69,0.8974,0.72490760656481
1201,0.9979,-1
489,0.8824,0.89342621551124
65,0.8988,0.70188335889175
248,0.7924,0.72232865349953
1632,0.8998,-1
99,-1,0.71777307830461
1657,-1,0.93917544013093
2081,-1,0.7788881222813799
879,0.8646,0.89845719264243
1918,-1,0.77670188757398
761,0.8922,0.80735667225471
521,0.7959,0.79868676261917
983,0.8988,0.80290889489791
1838,-1,0.8151528744033301
1736,0.897,0.951928205104179
81,-1,0.81925677574295
2095,-1,0.81246403635351
2014,-1,0.77878225190706
1729,-1,0.80759994498191
1573,0.8936999999999999,0.8406697587981999
215,0.8973,0.76402735873656
1105,-1,0.82553138247849
1462,0.897,-1
2066,-1,0.7728496934212901
709,-1,0.80594544303155
296,0.8984,0.964515461093361
465,0.8994,0.909295057076241
2031,0.8996999999999999,-1
438,0.9961,0.74400916759367
880,0.8669,0.88751580753972
951,0.995,0.77993961197939
1227,0.7964,0.80994161798656
156,0.898,0.84713702538364
1666,-1,0.80876632571464
1867,-1,0.77660908002151
214,0.8992,0.71372207220301
818,0.7961,0.75117815176021
1956,-1,0.79599990691309
297,0.7913,0.964967279464964
1153,-1,0.79137703077934
567,-1,0.7580878770075901
813,0.8916,0.964546581727962
1868,-1,0.77756015959555
267,0.7906,0.73760054924133
329,0.7977,0.7402241637925
1686,-1,0.76534557894613
1722,-1,0.75881247638422
1757,0.7224999999999999,-1
105,-1,0.75188569028786
118,-1,0.7364856514529
1893,-1,0.7775638939935
1622,-1,0.944640205271505
583,0.7997,-1
1608,-1,0.85147397404145
1916,-1,0.77799623950549
589,0.8989,0.84907418498458
1241,0.8311999999999999,-1
602,-1,0.82029541556224
1596,-1,0.84257794650628
1203,0.8996999999999999,0.89738196504479
875,0.8991,0.8551595721529
1540,-1,0.78027526599072
1018,0.8938,-1
1393,0.8793,-1
67,0.8996999999999999,0.73155572581087
1188,-1,0.81767606898031
38,0.8968,0.83464059116988
1088,0.8985,0.8180248503439
402,-1,0.84288627187687
1278,0.893,0.74300994781225
1030,0.8938,0.80712628416809
1117,0.8399,-1
1503,0.8793,-1
10,0.3053,-1
1185,-1,0.82846473887982
660,-1,0.6696513230796
230,0.8962,0.76349911824563
1756,0.7224999999999999,-1
1521,0.5562,-1
679,-1,0.79237030933048
368,0.893,0.7531531599699299
1011,-1,0.935999987273152
102,-1,0.70982672963641
1649,-1,0.78288068055584
701,-1,0.68939646801714
1717,-1,0.79329619966179
186,0.8976,0.84145701120411
582,0.8676,-1
1122,0.9939,0.7718853257553699
1178,0.8396,-1
1344,0.8971,0.77952102114757
1495,0.9902,-1
941,0.8975,0.80240538277497
303,0.8975,-1
180,0.8793,0.73658293166554
2037,0.9198999999999999,-1
2029,-1,0.73165847211197
25,0.8988,0.70189402732315
795,0.8976,0.7212381135941
1913,-1,0.77756150967961
315,0.9,0.966365731471988
635,-1,0.8155009506758499
1388,-1,0.7840266624127901
746,0.9925,-1
1145,-1,0.8170829897234599
443,-1,0.886814594712
1315,0.8988,0.74601323172153
1488,0.7497,-1
234,0.8953,0.74338576892315
1562,0.8674999999999999,-1
1598,-1,0.8494795224507801
1875,-1,0.77678744880361
1447,0.8799,-1
1707,-1,0.76634265196118
1543,-1,0.83101188839549
1960,-1,0.79631020029133
2090,-1,0.8124659739242199
472,-1,0.83406622273118
911,0.8966,0.83021006016749
1670,-1,0.919241525371301
96,-1,0.82625443919577
1795,-1,0.938910293228936
1399,0.8954,0.88978908935406
1723,-1,0.7590114970063
1780,-1,0.936346313348034
1258,0.8903,0.73809244996628
1737,-1,0.78224448727882
142,0.7924,0.7270964620581499
1179,0,-1
137,0.7726999999999999,-1
206,0.8909,0.74729868538232
1634,0.8998,-1
1136,0.8904,-1
457,-1,0.932350404503733
2042,0.882,-1
382,0.8703,-1
2020,-1,0.80432102105661
551,-1,0.91009750933569
1602,-1,0.8499385844745699
943,0.895,0.77277724121975
193,0.8901,0.87585501546886
1398,0,-1
1771,-1,0.80186650820733
1827,-1,0.77941669847646
745,0.8992,0.81670699223189
1012,-1,0.943674843395311
985,0.8935,0.84763935024931
576,0.7299,-1
1261,0,-1
961,0.8968,0.80795485965772
899,0.8967,0.83341562559121
182,0.5816,-1
73,-1,0.87966375715501
355,0.893,-1
173,0.889,0.7536276700482301
782,0.9963,0.7048378044614
1445,0.7218,0.969875829609073
1147,-1,0.64063170511243
219,0.8992,0.75586557888524
964,-1,0.78994365154736
444,-1,0.82540199608473
1677,-1,0.7663464783583
1219,0.8744000000000001,-1
1763,-1,0.7390052931608799
1022,0.8938,0.77994303237358
1988,-1,0.76729455267613
1609,-1,0.84352618758094
467,-1,0.79814957154176
793,-1,0.910202055198019
629,-1,0.86649297742756
858,-1,0.906512710701886
13,0.6062000000000001,-1
330,0.7957,0.7557006912329001
1325,0.8976,0.966404277207983
1420,0.8942,-1
18,0.8924,0.7429799844763201
1481,0.8349,-1
698,-1,0.78229592428228
862,0.8996999999999999,-1
1400,-1,0.7272168206932901
1812,-1,0.80232433117086
1434,0.8782,-1
393,0.8994,0.83805454161057
271,0.8932,0.73872650027302
1939,0.9957,0.83889017110757
1493,0.8904,-1
386,0.8992,0.82861831695252
857,-1,0.911036238058156
930,-1,0.78000478512606
765,0.8975,0.8214785972597
1811,-1,0.8299782545348
1901,-1,0.77669964685963
1625,-1,0.7911613243610001
1516,0.7848999999999999,-1
1882,-1,0.77756132365716
1654,-1,0.78763880249936
98,0.8793,0.77698680228512
1568,0,-1
806,0.8982,0.79042629983372
449,-1,0.81118459029975
1700,-1,0.7666357317528
902,0.8966,0.7774897415440201
1505,-1,0.7776143235806701
1624,-1,0.80556445876902
741,0.8992,0.86117678916453
1002,0.7982,-1
1304,0.8993,0.71190090572212
39,0.8992,0.80717339349747
1878,-1,0.77669841215903
1499,0.8793,-1
183,-1,0.76024481209546
2076,-1,0.7775832157742
1525,0.5562,-1
212,0.8793,0.72944073169974
205,0.8909,0.74899636153655
274,0.7906,0.77928684473867
725,0.8382000000000001,0.76112863793457
1777,-1,0.78794637556598
78,0.8933,0.76323866462929
1056,0.8861,0.72187565765244
1716,-1,0.79333185319605
1036,0.8938,0.83005953801889
1127,0.8901,0.80129672375677
343,0.893,0.76193125097328
716,0.8996,0.79699930754647
1146,-1,0.8192802607651299
1195,0.9946,-1
1096,0.899,0.79337659909101
261,0.8949,0.74169465783731
347,0.893,0.75044858853469
1547,-1,0.77374575130727
1140,0.8901,0.8048959863991
595,-1,0.793751940464
19,0.8931,-1
1544,0.24,-1
1872,-1,0.77716061788712
1347,0,-1
630,-1,0.78289656376955
794,-1,0.85318565678255
1883,-1,0.77756205717791
144,0.7793,0.76798449997817
953,0.8994,0.83744609229868
300,0.8895,0.943753405805835
1706,-1,0.76663463003569
523,0.8935,-1
1166,0.8995,0.80518360535429
1099,0.899,-1
865,-1,0.8569500283957601
1426,0.8953,0.943354277170203
1092,0.9997,-1
1205,0.8674999999999999,-1
318,0.8988,0.955178765147034
2092,-1,0.81246609349219
1356,0.893,0.69556159234506
5,0.5778,-1
1801,-1,0.83863648030266
1808,-1,0.82732346055217
1718,-1,0.79470217666663
1078,0.8952,0.75938374288986
92,0.8423,0.81935987372126
1684,-1,0.7660830301110599
1500,0.8793,-1
1765,-1,0.87150536817229
2053,0.8991,-1
1482,0.8956,-1
884,0.9835,0.86884132679925
203,0.8994,0.7572717139580301
1578,0.8936999999999999,0.79786468737606
192,0.8935,-1
2101,-1,0.81417835894235
1141,0.8988,-1
1320,0.8988,0.74761027189686
1513,0.8382000000000001,-1
162,0.895,0.8014111913202699
177,0.8944,0.77636739335878
959,0.8994,-1
1059,0.8861,-1
878,0.9767,0.86077623429088
616,-1,0.65720073444801
2038,-1,0.84425900040538
1970,-1,0.76363457027319
428,0.9946,0.71076113168975
607,0.8909,0.74900041887096
1394,0.8793,-1
1376,0.8882,-1
1739,0.8953,0.74338614073328
1783,0.8913,0.6988839058105301
154,0.9,0.84031749291803
864,0.895,0.74768362354104
1346,0.9999,0.70047592416225
400,-1,0.72498279165728
766,0.8975,0.81668281258023
1553,0.8707,-1
1611,-1,0.8708744416045
956,0.8999,0.8171488262405
979,0.8382000000000001,0.970444412002554
255,0.8988,0.7370969772926901
1934,0.8941,0.85134940687962
1985,-1,0.7550018249409101
1300,0.8994,-1
1108,0.8994,-1
379,0.7924,0.75142078065588
1303,0.8993,-1
760,0.8861,0.8060426514365
654,0.8996999999999999,0.82344274286908
2894,0.6495,-1
1927,-1,0.85829171228554
610,0.8981,0.74740019750244
1848,-1,0.77716139393133
1735,-1,0.92450387149544
1746,0.7224999999999999,-1
916,0.8968,0.77982414345775
1081,0.7495,-1
1367,0.8311999999999999,-1
1741,0.7224999999999999,-1
1259,0.8967,-1
1479,0.7918000000000001,-1
62,0.8992,0.81781660444089
1453,0.7596,0.921131174162955
1923,-1,0.7775626724612
311,0.7451,0.944361696791881
1998,-1,0.7544532199127301
416,-1,0.8346617018178399
115,-1,0.69229986719696
1857,-1,0.7767838532824201
1046,0.8994,0.8026444313289001
1366,0.893,0.7234135008195
1425,-1,0.75706986343954
275,0.9975,0.74739619641141
314,0.8382000000000001,0.74219175116915
1696,-1,0.76608362791464
2099,-1,0.81245741496854
1514,0.7987,0.79606750002298
1170,0,-1
1070,0.8994,-1
34,0.42300000000000004,-1
1921,-1,0.77661613565849
1330,0.8349,0.964549029240233
1240,0.837,-1
784,-1,0.8099085223670099
1823,-1,0.76303826350991
2017,0.7988999999999999,0.82020971464985
648,0,0.76613803826984
677,0.8994,0.75074844236727
1308,0.9989,0.7038957457172099
2105,-1,0.83749240394628
797,0.8744000000000001,0.87435213059677
1974,0.7948,0.76005638211668
558,0.8992,0.81802392946195
1745,0.7224999999999999,-1
1100,-1,0.7698284005760501
590,0.8989,0.84967465008302
735,0.8382000000000001,0.7418553134296699
1966,-1,0.80345431182491
1467,0.8996999999999999,0.955430898408997
767,0.897,0.7755128250685099
702,-1,0.6662667326010501
1429,0.8871,-1
1946,0.998,-1
1534,-1,0.69171100005169
1902,-1,0.77715957309324
53,-1,0.88978523973736
840,0.9,0.75454778593954
1483,0.895,0.76503987412416
2010,-1,0.77200341465699
710,-1,0.72647037203182
1582,0.8936999999999999,0.82481966757042
995,0.8916,-1
1377,0,-1
1770,-1,0.8104593792206
57,0.8994,0.85953150838452
579,-1,0.88261232871243
4,0.5778,-1
366,0.893,0.7312287020013499
430,0.8909,-1
1579,0.8936999999999999,0.79521737606739
232,0.895,0.74927175686528
1794,-1,0.73532278754939
1077,0.8952,0.7593960424096
968,0.8971,0.74765626646467
1065,0.7046,-1
397,0.8992,0.81901787955645
270,0.8932,0.75732541361923
11,0.6062000000000001,-1
165,-1,0.86773313663505
921,0.8976999999999999,0.7040789525517299
1660,-1,0.7950638118289299
349,0.893,0.75412029176732
1863,-1,0.7767855008564
288,0,0.73324406001053
1512,0.8793,-1
323,0.7726999999999999,-1
614,-1,0.77949232686923
932,-1,0.7799979532724199
1073,0.8928,0.77693977531679
419,-1,0.80453117638058
175,0,0.76504811231675
2061,-1,0.73166600997933
2003,-1,0.7263322165438
686,0.8645,-1
1626,0.8987,0.71246248692613
1106,-1,0.88548105764722
198,0.8991,0.80987351914969
1102,0.8983,-1
1317,-1,0.7977658500139599
1290,0.8936999999999999,0.74949978496969
1019,0.8938,-1
2019,-1,0.8780024184274
708,-1,0.80623486906272
59,0.8998,0.83608077102913
1362,0.793,-1
1520,-1,0.76982967958028
383,0.8343,0.8386408403422401
238,0.8963,-1
683,-1,0.7761054401648599
732,0.8382000000000001,0.7691500152184401
1449,0.7224999999999999,-1
1155,-1,0.72090423666032
1441,0.7108,-1
1847,-1,0.77669456367352
2091,-1,0.8124566220325999
1233,0.7972,0.84504458065718
1264,0.9884,-1
1288,0.8936999999999999,0.82227075831496
1945,0.8907,0.82299026649755
1254,0.7901,0.7272040746585999
986,0.8935,0.78173727954226
195,0.9891,0.78555439724719
1618,-1,0.910373707530223
461,-1,0.917830264322087
1565,-1,0.72993326056862
1612,0.8945,0.79441180090504
1550,-1,0.81804216831236
915,0.8976,0.81550049107503
1506,-1,0.80993948476084
868,0.8899,0.75024184722657
945,0.8798,0.77277883075767
877,0.9767,0.83866295721593
2000,-1,0.76564937614955
1354,-1,0.8028772251319201
1202,0.8992,0.81485473121345
87,-1,0.75409996686619
290,0,0.71746335152877
247,0.895,0.73937062572735
774,0.9951,0.88255954923471
377,0.8975,0.86285307099473
1702,-1,0.76608036150254
60,-1,0.89516299018893
1232,0.7968999999999999,0.86424589721776
1283,0.8962,0.7284405632365001
1489,0.7497,-1
763,0.9974,0.8241252559858601
1518,0.8976,0.74813460445972
1421,-1,0.77954213724459
1461,0.897,-1
1507,-1,0.80711453597991
1563,0.8936999999999999,0.74502383532517
1897,-1,0.77716137605794
1427,0.8519,-1
1273,0.8599,-1
1721,-1,0.75894151990852
1294,0.8936999999999999,0.74965255474125
974,-1,0.77519636325994
575,0.8199,-1
1576,0.8936999999999999,0.81349997015556
1371,0.8793,-1
189,0.8935,0.85979317360601
94,0.7495,-1
841,0.867,-1
1665,-1,0.70179141226104
127,0.7898000000000001,0.7320196230366101
1601,-1,0.85101610845173
97,0.8962,0.80127499275424
8,0.5778,-1
1561,0.8674999999999999,-1
44,0.9935,0.9350938654744461
1358,0.793,-1
1475,0.8707,-1
45,-1,0.9342575325071429
221,0.8958,0.73313483100249
1193,0.9946,0.7404034722396999
77,-1,0.77776592231434
440,-1,0.80211196542722
139,0.8708,-1
360,0.893,0.7506602323828699
1060,0.8927,0.79186383861597
1528,0.5778,-1
2057,-1,0.74106632011013
617,-1,0.6658645417693301
1181,0.8978,0.83789027758516
1438,0.8799,0.964155920017432
188,0.8998,0.7988947844815399
972,0.898,0.8249017209532901
1855,-1,0.77661272930926
1894,-1,0.77756404789597
1383,0.8946000000000001,0.77538858277018
160,0.8996999999999999,0.8223792096439
187,0.7969999999999999,0.73536164390857
597,-1,0.83863545085719
1335,0.7178,-1
353,0.893,0.7421022960671
871,0.8989,-1
411,0.89,0.81051150658079
72,-1,0.82845212795788
413,-1,0.86171969156823
2104,-1,0.83946411919092
2059,-1,0.7328606219707501
1681,-1,0.765598492208
1020,0.1975,-1
685,-1,0.79180325137969
1416,0.897,-1
1594,-1,0.84236947174626
1131,0.8986,-1
1792,-1,0.935097583846585
687,0.8645,-1
2103,-1,0.83749235425781
1363,0.793,-1
903,0.8966,0.80094354132648
730,0.8382000000000001,0.76914024264276
223,0.8999,0.74416185159492
1691,-1,0.76544139214077
226,0.895,0.70737657653609
1149,-1,0.77467564387619
1725,-1,0.75982684207061
278,0.8945,0.76202520382718
66,0.8993,0.7023845680009
615,-1,0.68118587510778
184,0.9953,0.7625748113062301
380,-1,0.8814362923988099
1529,-1,0.76089249002106
713,0.8976,0.75199425666048
786,-1,0.75170186216475
1473,0.8592,-1
264,0.8989,0.76249379546497
1095,0.899,-1
197,0.8992,0.79821814364309
1629,0.9998,-1
2065,-1,0.7680627733649
1289,0.8936999999999999,0.7594739271079101
2023,-1,0.920564559708576
550,-1,0.7537188220393201
533,0.7726999999999999,-1
898,0.8966,0.81251567951655
796,0.8995,0.7393302190176401
216,0.8992,0.75397003028987
1142,-1,0.79365471608993
1211,0.8994,-1
1380,0.837,-1
681,-1,0.8590995958063801
1177,0.8996,0.76040473030564
1242,-1,0.8563391619070699
1730,-1,0.80870011391259
1068,0.9995,0.80826384368185
901,0.8966,0.79471984187621
1328,0.9989,-1
167,0.8793,0.83295191137183
855,-1,0.911029925867847
2006,-1,0.73173217326007
792,0.897,0.79274805481174
452,-1,0.7252002557902599
217,0.8992,0.75585980534572
1276,0.8694,-1
1045,0.8994,0.74813887599727
1583,0.7629,-1
1675,-1,0.76560728695174
1799,-1,0.7975914154250701
931,-1,0.78000742575102
585,0.8994,-1
640,-1,0.7049287320604201
799,0.41090000000000004,-1
1821,-1,0.84221053191859
381,-1,0.81119498765197
1058,0.8861,-1
1284,0.8962,0.7303578004189
61,0.8962,0.81802195196413
233,0.895,0.7570402592988
704,-1,0.73102969374641
35,-1,0.77446048566374
176,0,0.76708165139675
2054,-1,0.7321679623948
2102,-1,0.83946366277582
743,0.8992,0.966528970433215
831,0.899,-1
1951,0.45099999999999996,-1
613,0.8985,0.7249859635173099
1591,-1,0.85653653551992
1732,-1,0.83431300296873
2107,-1,0.81310757896845
733,0.8382000000000001,0.76938749288215
719,0.8982,0.82739103461021
426,0.9946,0.7018685859916101
12,0.6062000000000001,-1
1129,0.8901,0.8003733502882799
436,0.8989,0.70717273441586
1891,-1,0.77661625533251
258,0.8989,0.7207037886369
101,-1,0.82227086027491
1905,-1,0.77678397180656
1134,0.8909,0.82230162748056
628,-1,0.7136602134404499
780,0.9946,0.78958146951051
870,0.8951,-1
1360,0.793,-1
1079,0.8931,0.75701147743176
711,0.8979,0.83073680033522
815,0.7996,0.75670361013862
283,0.8933,-1
1267,0.8916,-1
556,0.8962,0.82386917879378
1200,0.7895,0.69118298660288
842,0.8994,-1
1209,0.8382000000000001,0.74672667119101
734,0.8773,0.74977230347028
159,0.8995,0.80900353111558
1296,0.8936999999999999,0.73875800156562
1135,0.8988,-1
1906,-1,0.77799351147919
850,0.8994,-1
1464,0.897,0.952166630415899
152,0.8992,0.81151990914794
1498,0,-1
1635,0.8998,-1
1862,-1,0.77756082742391
242,0.897,0.75170006450002
1993,-1,0.87695271974094
1603,-1,0.85790787624123
200,0.8689,0.75380507285883
263,0.895,0.73932280181726
958,0.8994,-1
1968,-1,0.75793831701188
1297,-1,0.965494284639376
1967,0.8953,-1
1191,0.9946,0.77020811552294
1171,-1,0.7300655598205801
1410,0.8994,-1
439,0.8916,0.71359849603466
1118,0.8399,-1
1599,-1,0.85747914262765
1899,-1,0.77678519196621
1406,0,-1
591,-1,0.76911580821466
1738,0.8953,0.7433828867936
753,0.8995,0.82427075543135
76,0.8852,0.78959872196507
934,-1,0.77999415780482
1610,-1,0.85155713200812
845,0.8996,-1
385,-1,0.82536053508675
1268,-1,0.84004506476358
148,0.8552,-1
772,0.6681,0.76544391489253
435,0.9949,0.7312276277419301
893,0.7696000000000001,-1
1343,0.8929,0.72300562223494
190,0.895,0.88403086528355
1958,0.8674,-1
618,-1,0.68630172677959
1637,0.8998,-1
1975,-1,0.8156105321825
1904,-1,0.77756289093092
707,0.89,0.8105108699332499
1814,-1,0.82947673034713
1724,-1,0.76019186034947
1237,0.8813,-1
994,0.8916,-1
1628,0.9,0.949289972681521
1313,0.8988,0.73537921001366
1836,-1,0.81456323158515
1189,1.0,0.7432965668538101
1432,0.8904,-1
91,-1,0.73451562112484
1524,0.5562,-1
1000,0.7998000000000001,0.76746729194675
88,-1,0.75247073534627
442,-1,0.76913364423527
422,0.9946,0.72493297537794
756,-1,0.80489794410497
64,0.9951,0.86896292295248
1087,0.7997,-1
682,-1,0.73800940797604
642,0,0.76615737292653
250,0.8969,0.71823104888537
1033,0.8938,-1
918,0.8975,0.7868490713207
138,0.8239,-1
1871,-1,0.7767002258358799
211,0.8793,0.704138937068
1027,0.8938,0.82349701781938
1418,0.8942,0.81443747696731
570,0.9786,0.78918895082819
1886,-1,0.77799783341635
308,-1,0.976074033675176
1865,-1,0.77669764662233
1826,-1,0.7790182636102501
740,0.8972,0.79848208227418
1567,0.7911,0.7569188140618
447,-1,0.76493823244796
1374,0.9998,-1
917,0.8963,0.77053171600017
1798,-1,0.8491916177036101
363,0.893,0.72996016128919
1588,-1,0.84841520177434
1719,-1,0.7941903840407
1265,0.8719,-1
1013,-1,0.8417810347950501
1154,-1,0.6655666341542801
689,0.8645,-1
996,0.8599,-1
1480,0.8799,-1
362,0.893,0.76636182994485
2098,-1,0.81245374411801
1510,0.9939,0.7842332683629
962,0.8811,-1
1664,-1,0.75788391424884
213,0.8959,0.7323075718701699
1818,-1,0.82945975203893
1776,0.7974,0.89264841819291
378,0.7924,0.7368048520467501
1973,-1,0.77047009205168
1226,-1,0.78571026710866
1768,-1,0.71294331894479
1411,0.8874,0.969875815440827
2005,-1,0.73217658643446
722,0.8996999999999999,0.80795580409971
1212,0.7121,-1
1592,-1,0.84206742392294
1041,0.8938,0.85405532707243
1143,-1,0.73981919901074
1983,-1,0.8077638200496899
598,0.8343,0.84033085644928
1842,-1,0.78337835770316
992,0.8931,-1
975,0.8953,-1
757,0.7969999999999999,0.82580977108355
294,0.8708,0.927645086456415
593,0.876,-1
2080,-1,0.77888014614746
565,-1,0.81590791580655
231,0.898,0.7485651520319401
787,-1,0.74761447847496
122,0.8634,0.7871148748646
881,0.8618,-1
737,0.8382000000000001,0.72299477605713
1979,-1,0.81359076808578
1942,0.8943,0.83619958222958
1791,0.8190999999999999,-1
568,-1,0.81590736472516
1263,0.899,-1
1557,0.8747,-1
1787,0.8913,0.85029164690222
1961,-1,0.77133272814054
929,-1,0.7800111148511
312,0.8382000000000001,0.958086925983514
1987,-1,0.80358550905239
2075,-1,0.77285175841182
913,0.8975,0.8185614006587
1339,0,-1
886,0.9341,-1
307,0.7239,0.932505344006605
1648,-1,0.8695019576376399
1305,0.8993,0.70341228558208
791,0.897,0.8481600727941
1319,0.897,0.74480817974771
811,0.8932,0.80686229202132
2007,-1,0.73097908711617
1173,0.7224999999999999,-1
293,0.7451,0.89682513877222
277,0.8958,0.73499440422034
1006,0.8913,-1
218,0.8992,0.75368691041144
1494,0.9,0.81413184839984
1587,-1,0.83393691983806
1922,-1,0.7775634748956
1262,0.9995,0.76766068152208
89,-1,0.8327840237616
1570,0.8936999999999999,0.86031279807857
965,0.8971,0.7324553082059899
1121,0.9939,0.75825098117246
1685,-1,0.76544220113129
459,-1,0.932300254415282
1361,0.793,-1
1910,-1,0.77661436396424
781,0.9963,0.70590136384739
74,-1,0.85926552267518
1548,-1,0.80503367124284
85,-1,0.80946684409827
1762,-1,0.81731592104448
1314,0.8988,0.80486858983985
1112,0.8399,0.76403416686432
338,0.6982999999999999,0.80807325540146
33,-1,0.75477386615785
1014,-1,0.924898318504874
2079,-1,0.7796471288208899
588,-1,0.77681424060711
1496,0,-1
1786,0.8913,0.70028667927623
1385,0.8935,0.73052583806768
46,0.8157,0.908796867715725
284,0.8922,0.6899258746628
1419,0.8942,0.86547934364459
910,0.8966,0.80387464069756
936,-1,0.78001083480996
548,-1,0.80968176429961
534,-1,0.84589228050813
1919,-1,0.77716387454975
1743,0.7224999999999999,-1
819,0.8773,0.75689852095102
418,-1,0.72968543032039
1932,-1,0.82140016728114
738,0.8382000000000001,0.74720760948828
286,0.8922,0.73245388608236
723,0.8996999999999999,0.80459561349899
2064,-1,0.73856335166249
769,0.998,0.7591572658243699
1944,0.8907,0.83864635328213
646,0,0.76613946032898
1333,0.9595,0.9940896953495947
375,0.8985,0.7250364718667199
1035,0.8938,0.85633031929103
251,0.8969,0.6908609873606599
1749,0.7224999999999999,-1
1235,0.7998000000000001,-1
885,0.8904,0.88159354652819
1858,-1,0.77799411579875
1349,0.893,-1
466,-1,0.72412929510795
1021,-1,0.86091662371862
390,0.8972,0.81648601264408
952,0.8793,0.7727792451051501
1511,0.7713,-1
202,0.8793,0.77809023695776
399,-1,0.84192366531267
240,0.8976,0.7128376483730501
695,-1,0.68140652117801
1803,-1,0.78935785548759
1909,-1,0.77716064907566
424,0.9946,-1
185,0.895,0.8154292502575899
1126,0.8945,0.78759898369616
1742,0.7224999999999999,-1
1965,-1,0.8069261320597501
1931,-1,0.77811665715466
334,0.8835999999999999,0.73707380529452
907,0.8962,0.84290705814006
1066,0.8617,-1
1351,0.893,-1
492,-1,0.89573062807452
1184,-1,0.77304229901656
170,0.8996999999999999,0.80947907588826
1580,0.8936999999999999,0.7444577166995701
1435,0.9304,-1
1627,0.9,0.94974566145548
812,0.895,0.84647652349702
1508,0.8987,0.82025780011029
1471,0.8969,-1
1679,-1,0.76543722948816
859,-1,0.902863070077639
645,0,0.77064306656926
1784,-1,0.907586773537162
1338,0,-1
1402,0.874,-1
1813,-1,0.81510510452899
1026,0.8938,0.80532606612939
888,0.8953,-1
1052,0.9846,-1
132,-1,0.79450001160016
280,0.8995,0.72155720104788
140,0.8996999999999999,0.73615508998974
609,0.8981,0.75535035979806
1089,0.8981,-1
1849,-1,0.7766110743421499
1199,-1,0.87737790909182
1208,0.7938000000000001,0.79420995401424
541,-1,0.8450453244635
1652,-1,0.80173771984635
835,0.8996999999999999,0.7584320889471
1463,0.897,0.952278320615126
853,-1,0.89759652258496
1989,0.8961,0.88861575378464
1396,-1,0.930386730121275
980,0.8988,0.79439914474236
1133,0.8911,-1
1395,0.8726,-1
1673,-1,0.76543592206359
981,0.8988,0.78476262853494
2100,-1,0.81417775173262
966,0.8971,0.7431690560978099
1523,0.5778,-1
237,0.895,0.74047212844542
1531,-1,0.7828634848051
1116,0.8399,0.76640228455185
1327,-1,0.8240701958103
1414,0.897,-1
1676,-1,0.76663447190923
1225,0.8983,-1
174,0.8674,-1
540,-1,0.83842611777576
83,-1,0.72568687526423
1885,-1,0.7767897775799
529,-1,0.80047544787902
957,0.9939,0.8092049259695
1151,-1,0.6468944780207899
848,0.8996999999999999,0.7499163080048701
1163,0.8991,0.80580733638546
2068,-1,0.7891057399758901
1733,-1,0.82990511599192
28,0.8922,0.68919874562866
389,-1,0.7950011270646
1437,-1,0.74718720743445
1586,-1,0.9015039517849099
1101,0.06000000000000005,-1
817,0.7961,0.83966493313789
337,0.8857,-1
631,-1,0.77793702997635
1782,-1,0.914257663436273
388,-1,0.86036712135001
1164,0.9927,-1
822,0.7906,0.72546797170543
1769,-1,0.918858740660525
1285,0.8994,0.80821401617002
1977,-1,0.79347458157658
1345,0.7928999999999999,-1
298,0.8895,0.958350092341081
1403,0.7941,0.81028857219274
1282,0.8962,0.7123915872415101
1091,0.8985,-1
172,-1,0.80421964813125
1160,-1,0.80261581363525
1090,0.8996999999999999,-1
1843,-1,0.78283359643517
1010,0.8938,0.80030449505208
2026,-1,0.72715007228407
759,0.7999,0.8046601728941
969,0.8382000000000001,-1
1559,0.8674999999999999,-1
1515,0,-1
1655,-1,0.71892006028444
1348,0.8929,-1
1917,-1,0.77799781569805
1187,0.6929000000000001,-1
1301,0.8382000000000001,-1
1472,0.6900999999999999,0.72442197787734
1752,0.7224999999999999,-1
1850,-1,0.77755901779088
1650,-1,0.8210022641117
181,0.9,-1
414,-1,0.81306585857865
208,0.8909,-1
204,0.8994,0.75637485842397
407,-1,0.79558886199578
599,0.6982999999999999,0.79904023849138
1293,0.8936999999999999,0.74966597378799
2071,-1,0.7788932451089801
989,0.9939,0.78907182001081
1169,0.8925,0.7284456946122599
331,0.7993,0.80073282495903
1039,0.8938,0.7766849808263601
1941,0.899,0.84946175800966
1692,-1,0.7653523244484
927,-1,0.78001385524988
1947,0.998,-1
552,-1,0.931983921239854
971,0.898,0.83441224793972
468,0.8976999999999999,0.82018966241576
222,0.8974,0.7227208220019901
1824,-1,0.84847987833255
600,-1,0.70564955885582
58,0.8832,0.89738394646834
705,0.8994,0.75855286379146
1306,0.8993,0.7074052424992
1671,-1,0.79039970067273
1575,0.8936999999999999,0.81185094480843
1439,0.8382000000000001,0.963553190606797
1032,0.8938,-1
2033,-1,0.8003598724044
364,0.893,0.7613028497752
458,-1,0.935086497978772
1111,0.878,-1
266,0.7906,0.72692647228327
1839,-1,0.78300278465958
1522,0.5562,-1
762,0.8996,-1
612,0.8924,0.73900369337439
1800,-1,0.78293268072531
849,0.8996999999999999,-1
344,0.893,0.7502954774121
1123,0.9939,0.76854444389896
1381,0.893,0.73058753178362
339,0.893,0.71746552089054
1703,-1,0.7654341492085199
1448,0.7224999999999999,0.946384495983104
1577,0.8936999999999999,0.76919930384726
1357,0.893,-1
1220,0.6871,-1
1892,-1,0.7775642195527099
401,0.8976999999999999,0.8120590181571901
1230,0,-1
789,0.897,0.8226902931108
1619,-1,0.924552983606578
1342,0.8329,-1
824,0.8994,-1
1744,0.7224999999999999,-1
1668,-1,0.932793106862012
391,-1,0.73227571649478
2028,-1,0.7324276735676101
1779,-1,0.914374388310284
770,0.8985,0.767746845986
890,0.8904,0.905883232969247
909,0.8966,0.79541622867858
1851,-1,0.77678510036223
1593,-1,0.85018990005629
1930,-1,0.77042137092177
1805,-1,0.8620918205588
653,0.8956999999999999,0.76004189744789
1221,0.6973,-1
542,-1,0.78778189423783
1740,0.8953,0.74338333974742
1275,0.6698999999999999,-1
1881,-1,0.77756179614766
2032,-1,0.85937056904496
1321,0.8988,0.7476059836387601
2069,-1,0.7798719594700401
1431,0.776,0.960770063333741
773,0.9946,0.8455939488349
905,0.8963,0.81527609650731
1231,0,-1
1539,-1,0.84556462799647
423,0.9946,0.7303725010420901
982,0.8988,0.79791483079519
103,-1,0.76502562241621
376,0.7922,0.76358311903995
1815,-1,0.8404957302873299
785,-1,0.73843920065471
1775,-1,0.72663759396213
608,0.8981,0.74741307319115
1929,0.9961,0.8404013706551
2082,-1,0.7798744511022699
603,0,0.78564629656451
1387,0.9949,-1
876,0.7964,0.88621159876864
1355,-1,0.78914883488552
55,0.8793,0.88861463728361
1110,0.878,-1
896,0.8996999999999999,0.76015179868171
1504,-1,0.77746462696108
2096,-1,0.8124621810731301
141,0.8994,0.78275663919377
1174,0.7912,-1
373,0.8831,0.87192496696306
908,0.8967,0.79688636420599
1502,0.8793,-1
1350,0.893,-1
245,0.8998,0.74419520527829
694,-1,0.7534729959865
1828,-1,0.77941545390321
1695,-1,0.76634681068749
1422,0,-1
967,0.8971,0.74801829976887
748,0.8992,0.76836242272598
1007,0.8938,0.79050148754268
169,0.8975,0.81795109590335
309,0.7046,-1
1704,-1,0.76534776603613
1896,-1,0.7771585638149
955,0.8999,0.81402026704659
1037,0.8938,0.8308128768261
352,0.893,0.75093541855742
1075,0.8952,0.84319511107226
1978,-1,0.76616687819061
889,-1,0.7714655337056899
553,-1,0.82629676957372
1682,-1,0.76663845921655
663,-1,0.71244094766505
121,-1,0.79426329378111
403,-1,0.83519669681029
1597,-1,0.85067473970293
281,0.9946,0.7260856708015
52,0.8773,0.84034185050154
1864,-1,0.7779939036161501
340,0.893,-1
700,-1,0.66795879019076
1468,0.8996999999999999,0.945665390866026
691,-1,0.66687516616683
392,-1,0.8462636101229
592,-1,0.86795548862407
1492,0,-1
895,0.8996999999999999,0.7473930365338
563,0.8973,0.8159078100596899
1309,0.9989,0.70389391518585
997,0.7987,0.77208058442211
776,0.9946,0.82181585031688
1569,0,-1
451,-1,0.80517600993075
1751,0.7224999999999999,-1
1476,0.8679,-1
2021,0.8754,-1
37,0.8897,0.81631307597546
703,0.8922,0.7324652013170401
644,0,0.77809658089908
1640,0.8998,-1
1287,0.8936999999999999,0.74610953520477
1854,-1,0.77716013790364
778,0.9946,0.79171037736364
976,0.8996999999999999,0.77546110350358
164,0.8978,0.8258373785581901
1911,-1,0.77756214212913
2,0.5778,-1
157,0.8976,0.81933672203821
335,0.7937,-1
125,-1,0.73423997287114
1130,0.8882,0.79915423793876
1295,0.8936999999999999,0.7468084527173899
171,0.8793,0.81171596479258
656,-1,0.7709169663230699
658,0.9953,0.7670993362749701
1833,-1,0.80515022980646
1856,-1,0.77756048343562
920,0.8978,0.73899613712747
1316,-1,0.8105381783348
235,0.895,0.72191799716089
1086,0.7947,-1
1914,-1,0.77661315435489
107,-1,0.71767837988887
954,0.8994,0.84040152659769
95,0.7919,0.78462355971511
2077,-1,0.78910461256966
752,0.8995,0.79719855525159
1984,-1,0.79593248263446
872,0.8982,0.82189600192948
134,0.5898,-1
1274,0.8992,-1
322,0.7894,0.7279991541847199
427,0.9946,0.7265638032948201
834,0.8996999999999999,0.76595922271202
1816,-1,0.84271904103423
626,0.8995,0.73107276911832
1955,-1,0.7865475470199
1055,0.8913,-1
1638,0.8998,-1
1661,-1,0.8030085917758
1034,0.8938,0.8109571013839301
1031,-1,0.77508039245876
56,0.9633,0.89745381005863
346,0.8924,0.71658705244246
1459,0.897,-1
51,-1,0.84326271866079
201,0.8992,0.7608340096687101
1976,-1,0.80420272539424
846,0.8936999999999999,0.80847846479071
882,0.8704000000000001,0.88864139598577
1536,-1,0.76433152780631
867,0.8903,-1
2012,-1,0.788243591291
2024,-1,0.7385630655508599
1778,-1,0.86020424982393
2106,-1,0.81310716140882
244,0.8976,0.75373004947304
166,0.8996999999999999,-1
1094,0.8973,0.86473622037062
241,0.893,0.76132849332162
810,0.8932,0.7640146398898
1323,-1,0.7937542006721701
1699,-1,0.76560617671019
1318,-1,0.8714637542612
2097,-1,0.81245562991737
1880,-1,0.77661251354313
2016,-1,0.77803271686941
441,-1,0.83778335421885
1959,0.8674,-1
291,0.8955,0.82028180641993
1228,0.798,0.85627270970284
1223,0,0.70564893312819
1992,0.8883,0.84769877126587
561,0.7884,0.89459277340469
1144,-1,0.7455887956739
1269,0.8916,-1
1613,-1,0.84316966804459
1879,-1,0.77716066356473
1754,0.7224999999999999,-1
124,0,0.79791837405351
429,0.8981,0.74178101088322
1937,0.9993,-1
6,0.5778,-1
370,0.9963,0.75267594467028
536,-1,0.84462835287471
547,-1,0.78027501665696
194,0.7987,0.81179531909243
984,0.9767,0.81970239604796
1662,-1,0.85962139464701
1049,-1,0.73938294736882
1326,0,-1
1844,-1,0.7837515870921901
935,-1,0.78000561038652
191,0.897,0.86736884180942
1697,-1,0.76543731146034
1750,0.7224999999999999,-1
674,-1,0.74177961027291
632,0.8995,0.80127095729949
1148,-1,0.71050285758456
1809,-1,0.7968984194362501
369,0.893,0.7619263108038
1040,0.8938,0.8383827075133801
2001,-1,0.81994343505619
1535,-1,0.77839753705022
2013,-1,0.77901977201505
937,-1,0.7800028161698
225,0.8979,-1
715,0.8968,0.8346362946377099
1271,0.8904,-1
1124,0.8955,-1
783,0.9963,0.70483114181516
987,0.8935,-1
1397,-1,0.75385088736655
1517,0.8967,0.86729261027804
586,0.8994,-1
1024,0.8938,0.81443639056485
1336,0,-1
