Id,geacron_similarity,concept_similarity
1530,0.9293,0.86615267783282
1966,-1,0.86537098126112
1909,-1,0.85072333490742
748,0.9259,0.8174957509558101
880,0.9402,0.882916742357
1503,0.9474,-1
1177,0.9263,0.80333468247606
365,0.9197,0.81007418577904
950,0.9217,0.78286339864715
1165,0.9751,-1
317,0.9267,-1
349,0.9197,0.81931176633361
2041,0.9069,-1
291,0.9222,0.87665086889171
1656,-1,0.79122008471402
203,0.9273,0.8197299254799
852,-1,0.81815363328472
1993,-1,0.84381350452229
1975,-1,0.8070760385496201
2019,-1,0.83708996726283
1257,0,-1
1492,0,-1
827,0.9261,-1
1790,0.949,-1
896,0.9264,0.8091379501500799
2089,-1,0.906149835164794
646,0,0.79015273500108
1194,0.9713,0.76648986883032
1282,0.9229,0.77377180868059
1002,0,-1
2029,-1,0.81840226447599
1917,-1,0.84865956178235
1372,0.9263,-1
1055,0.918,-1
805,0.9249,0.89453590815837
632,0.9262,0.938124528049847
358,0.9197,0.81260903174044
958,0.9261,-1
414,-1,0.79571212383179
348,0.9197,0.76808593387942
1901,-1,0.85037161122343
1815,-1,0.85575399677777
545,-1,0.74340834910396
11,0.7295,-1
992,0.9336,-1
335,0.8704000000000001,-1
2008,-1,0.81724571531359
1452,-1,0.80384692738813
1036,0.9205,0.7883410548051399
1352,0.9197,-1
2035,0.8726,-1
388,-1,0.8796871189895
1932,-1,0.79788744743579
381,-1,0.8138934142051399
171,0.8974,0.88740261697777
676,-1,0.80895649723366
1687,-1,0.88093432396188
129,-1,0.71962302909979
751,0.9262,0.81075488034734
703,0.9189,0.75473300821865
800,0.7994,-1
368,0.9197,0.81034112167121
1468,0.9264,0.81410561600705
699,-1,0.6719084857741
1087,0.877,-1
574,-1,0.81583839847887
1012,-1,0.81853378321515
243,0.9237,0.8173865847353
265,0.9241,0.7962892782597399
125,-1,0.71570668360426
700,-1,0.6924068110120001
1903,-1,0.8494635309094201
489,0.9443,0.8438365229986999
916,0.9235,0.87764718185652
1047,0.9876,0.82010693924211
740,0.9295,0.83322338413248
1341,0.8562,-1
1129,0.9374,0.941124134111746
817,0.9306,0.84911622978372
86,-1,0.71477116675023
1981,-1,0.7123478264733301
1025,0.9205,0.86660858911943
1662,-1,0.86664921076282
1927,-1,0.85967726969783
1274,0.9275,-1
1461,0.9297,-1
937,-1,0.80092090222548
1968,-1,0.75659681232059
313,0.9115,0.81361327033728
1723,-1,0.84132594084623
230,0.9229,0.8073020626695799
1068,0.9772,0.849682859351
1385,0.9202,0.7686055232064299
1308,0.9756,0.73286284138805
1683,-1,0.88097344355425
1702,-1,0.88124666106933
189,0.8832,0.77435854104084
1114,0.9132,0.78207241342162
1150,-1,0.68566551651116
587,-1,0.80615228929633
248,0.8691,0.75874115378849
1913,-1,0.8504080207378399
1977,-1,0.71944559141445
1121,0.9828,0.77020345690361
108,-1,0.63326632480408
295,-1,0.80121202066986
79,-1,0.80534099275169
1908,-1,0.85037060886924
677,0.9273,0.8124725194127
1168,0.9708,0.79004711510701
2014,-1,0.82351440842905
1102,0.9284,-1
806,0.9249,0.913940886797073
176,0,0.76361473712252
2042,0.8947,-1
745,0.9259,0.8160628895573501
150,0.9343,0.8596668545520301
521,0.9308,0.917103312254948
288,0.9216,0.78203053955255
212,0.9474,0.79230679367982
367,0.9197,0.81108627524944
1831,-1,0.89849783624703
995,0.9351,-1
1754,0.8458,-1
412,0.9332,0.79609643946668
126,-1,0.77587866322438
588,-1,0.8189556197561401
1030,0.9205,0.84371911647507
1392,0.973,0.77966594547471
949,0.8974,0.81402762240732
311,0.8684000000000001,0.83455495561919
786,-1,0.80794377254945
257,0.9255,0.76552580448261
1449,0.8458,-1
1633,0.9389,-1
2037,0.9432,-1
1139,0.9447,0.924229161932532
598,0.9076,0.915922732464129
644,0,0.80336254068595
1796,-1,0.8779884373788001
325,0.9273,0.7933924936832499
2003,-1,0.8014919311361
1751,0.8458,-1
1130,0.9149,0.85228694273799
292,0.9264,0.7716109763710299
314,0.9115,0.78623301051977
50,0.9772,0.8399154788819501
1368,0.9277,0.903304128071839
2082,-1,0.82410095147591
639,-1,0.85428298153121
27,0.9197,0.79488461914618
1167,0.9245,0.7894937792437
856,-1,0.82551736340241
1237,0.9497,-1
906,0.923,0.86179474749035
82,-1,0.68125687602868
277,0.9225,0.79657725081388
596,0.9076,0.916039488860107
2039,0.846,-1
329,0.8744000000000001,0.78998852407448
1743,0.8458,-1
1916,-1,0.8486579699642001
1042,0.9205,0.86601015267142
897,0.9238999999999999,0.923129433058606
1985,-1,0.72828729311928
1383,0.9213,0.8256101906099
966,0.9238,0.81324872903804
2025,-1,0.80537280818952
1509,0,-1
756,-1,0.82513999878921
630,-1,0.76217769156561
251,0.9236,0.72751337567743
996,0.9332,-1
681,-1,0.86165844926956
1673,-1,0.87893291802207
1213,-1,0.80050450087669
1849,-1,0.84945946917293
1192,0.9716,-1
119,-1,0.61822773410887
711,0.9246,0.87503542958531
1781,-1,0.80686968834189
1013,-1,0.81038818749376
1868,-1,0.85040674506099
1442,0.8341000000000001,0.80595616783637
1279,0.9277,-1
694,-1,0.79690359978765
1330,0.9582,0.81979435449072
1813,-1,0.86232668383859
9,0.6511,-1
94,0.8228,-1
275,0.9742,0.77814761441152
387,0,0.80617570077418
1450,0.9297,0.79175963615804
1703,-1,0.8789322972993701
715,0.9235,0.918734771212112
1928,0.9737,-1
767,0.9237,0.8226349860216
1180,0,-1
156,0.9247,0.8876050698523
1427,0.9311,-1
1803,-1,0.73553076822245
886,0.9574,-1
750,0.9259,0.82233093756176
1606,-1,0.80709187183408
1079,0.9198,0.79021149368541
1707,-1,0.88097441283793
1454,0.9149,0.8392685777559901
1438,0.9468,0.81026535727519
436,0.9256,0.7457451068252501
1339,0,-1
456,-1,0.82578526236587
1721,-1,0.8390362289614
929,-1,0.80093339438177
905,0.923,0.89812373993149
585,0.9261,-1
1369,0.7827999999999999,-1
1225,0.925,-1
656,-1,0.7259750261176
1407,0.9449,-1
296,0.9283,0.80633607506273
187,0.8737,0.77074037370713
674,-1,0.78165996675624
530,0.7295,-1
196,0.9902,0.5370870571974
1893,-1,0.8504102337260799
1367,0.9045,-1
1511,0.9446,-1
32,0.846,-1
977,0.927,0.76521682466767
428,0.9713,0.75061880357791
1105,-1,0.80646162497902
1816,-1,0.85312966701216
765,0.9242,0.79413756111393
330,0.8724000000000001,0.80098943309407
1855,-1,0.84946103568053
1332,0.9129,0.81068192597516
661,0.9197,0.80730598414135
736,0.9115,0.79511813112683
1795,-1,0.8160564746905901
858,-1,0.8177403412451
164,0,0.908629286359906
455,-1,0.83113164718719
2107,-1,0.931687909431033
634,-1,0.914812898619138
38,0.9235,0.918739781941031
1471,0.9236,-1
1363,0.8697,-1
1837,-1,0.910297704402076
1912,-1,0.85040839903344
1696,-1,0.88124779675775
1211,0.9273,-1
2027,-1,0.81854011156109
398,-1,0.67539317262053
899,0.9234,0.83997803498238
294,0.9441,0.8303233828204
940,0.9264,0.75764672718353
1575,0.9204,0.81015286686015
1871,-1,0.85037213965181
1618,-1,0.82231136719988
640,-1,0.74308821883431
772,0.7914,0.7288430712866301
1005,0.918,-1
1676,-1,0.87937207751965
1847,-1,0.85036686357929
818,0.9306,0.79656423782092
898,0.9233,0.951841341835447
2053,0.9258,-1
1645,-1,0.81935046090634
1873,-1,0.84946358030333
1741,0.8458,-1
1654,-1,0.7765278822126
1762,-1,0.82279106936757
1344,0.9238,0.81402330307065
1747,0.8458,-1
22,0.9262,0.81363547758639
154,0.9267,0.87790051796431
223,0.9268,0.8017697082178901
801,0.2833,-1
385,-1,0.88893373635101
589,0.9343,0.86009708243668
1607,-1,0.83800391930693
1578,0.9204,0.79191693620319
1869,-1,0.84814403973538
467,-1,0.76005321610333
1960,-1,0.8964334694872
963,-1,0.78783993677941
1746,0.8458,-1
942,0.9447,-1
973,0.9247,0.8353520413076
197,0.9259,0.80382810141532
276,0.9215,0.7765782128791701
935,-1,0.80092510490937
685,-1,0.78040813028657
1017,0.9205,-1
1517,0.9234,0.85250876647079
595,-1,0.84895647530915
957,0.9828,0.82183123239164
297,0.9354,0.79628595454939
73,-1,0.78618058293014
1719,-1,0.88932944594881
259,0.9241,0.79601137785532
1574,0.9204,0.82123905905854
1004,0.918,-1
730,0.9115,0.83142410433202
1798,-1,0.81462378119213
1906,-1,0.84865516940706
1381,0.9197,0.79474152275665
1785,0.918,0.7467521859730499
188,0.9269000000000001,0.85053514075138
727,0.9132,0.8240809363064
1394,0.9474,-1
103,-1,0.75013191364855
788,0.5333,-1
2002,-1,0.82406599080271
735,0.9115,0.81155516221737
1569,0,-1
47,-1,0.8370364177275
857,-1,0.81678893363277
1338,0,-1
951,0.9717,0.81403491053819
2036,0.846,-1
918,0.9242,0.88105971067716
1736,0.9297,0.79110330478072
1195,0.9713,-1
404,0.9273,0.84514088769122
623,0.8691,0.75873713339586
724,0.9115,0.82450224780634
1366,0.9197,0.74253700479712
1010,0.9205,0.88190072453184
1281,0.923,0.7514957728753799
302,0.9785,0.82389134978498
1304,0.926,0.74182341159247
1507,-1,0.76727815716972
1682,-1,0.87937347496926
424,0.9713,-1
1557,0.948,-1
682,-1,0.76901845258198
576,0.8532,-1
842,0.9261,-1
1498,0,-1
1158,-1,0.78917242997085
684,-1,0.79620175328219
434,0.9737,0.80471130326044
1737,-1,0.81447113129356
994,0.9351,-1
533,0.846,-1
2026,-1,0.8028115193102701
781,0.973,0.74483890456198
2028,-1,0.8191128490606601
375,0.9252,0.77590466593879
967,0.9238,0.8098525859958
1327,-1,0.7987656540582
2022,-1,0.8457605211343899
1705,-1,0.88093365504177
1792,-1,0.81366225476097
892,0.8473999999999999,-1
679,-1,0.75727229716791
364,0.9197,0.80510507756273
1845,-1,0.84814094716003
1293,0.9204,0.77243029948521
680,-1,0.7911881372481699
2077,-1,0.82656201217153
1789,0.918,0.79382990382189
1351,0.9197,-1
245,0.9265,0.7927295286238201
72,-1,0.83562946087572
99,-1,0.7047693919845299
1802,-1,0.8051229806467199
2005,-1,0.81738260576722
1387,0.9716,-1
2018,-1,0.8512920072233701
1071,0.7706999999999999,-1
439,0.9183,0.76389703582379
561,0.8651,0.8661265588707
1289,0.9204,0.7912281992899199
1361,0.8697,-1
1620,-1,0.82085278318325
1926,-1,0.8132541766868799
10,0.4286,-1
1770,-1,0.8260693809849899
559,-1,0.82187352535251
1826,-1,0.86256182661868
53,-1,0.8730348119366
1082,0.922,0.86262862406755
293,0.8684000000000001,0.83875202089708
1939,0.9724,0.87244861155201
1362,0.8697,-1
1632,0.9389,-1
1443,0.9218999999999999,0.83007392203696
87,-1,0.7207489168355701
1671,-1,0.77196414286106
1597,-1,0.8190207410881
1693,-1,0.88093575746592
2016,-1,0.8228224246625799
972,0.9247,0.8353497831758501
1315,0.9255,0.78324992971755
1579,0.9204,0.7815383838694
340,0.9197,-1
1096,0.9257,0.905519659315093
351,0.9197,0.81287990270918
594,-1,0.83150187260579
200,0.8922,0.80160126838784
1947,0.9747,-1
584,-1,0.912747589712537
1415,0.9312,0.81883781661491
614,-1,0.81076415626788
1793,-1,0.82602942936791
216,0.9259,0.7961614671315
1231,0,-1
1224,-1,0.83140603791653
1212,0.8354,-1
1853,-1,0.85036803688529
1967,0.9349,-1
213,0.9308,0.7939060705022
1221,0.7706,-1
1563,0.9204,0.80649340477207
1907,-1,0.84865643229822
437,-1,0.74671753321545
1021,-1,0.85252643358142
204,0.9261,0.8107303947012
1401,-1,0.77680241294814
687,0.9378,-1
1665,-1,0.7475029429137501
35,-1,0.8203997315675999
217,0.9259,0.79836573665268
1122,0.9828,0.78405724900491
258,0.9256,0.75837419677658
339,0.9197,0.75442309826703
960,0.9474,-1
1404,-1,0.77305482289968
1003,0.9268,0.75840275096476
1944,0.9174,0.8560527888055001
1612,0.9212,0.84541451881589
1198,-1,0.87297239895867
706,-1,0.75179260229996
1115,0.9132,0.7817470074974899
331,0.876,0.78104396706407
1986,-1,0.71814488201226
764,0.918,0.77741178707055
1862,-1,0.85040737796003
2098,-1,0.932049959362039
13,0.7295,-1
1962,-1,0.7637100320802099
98,0.9474,0.81072432119097
1349,0.9197,-1
839,0.9261,0.78395408996783
355,0.9197,-1
422,0.9713,0.75598124090557
1081,0.8228,-1
1219,0.8976999999999999,-1
1553,0.944,-1
1899,-1,0.8481426483539201
2074,-1,0.81349648578916
1423,0.9251,-1
733,0.9115,0.83178758697078
1592,-1,0.83851612404951
306,0.898,0.8317833561659
1353,0.9196,0.6999385556217099
642,0,0.79017886207448
30,0.9217,0.7521202753826299
891,1.0,0.8693352464726201
1577,0.9204,0.80245282389106
2013,-1,0.82294490002926
1160,-1,0.75419853815795
2006,-1,0.81793610445011
1887,-1,0.84865963768669
1892,-1,0.85041053145718
1616,-1,0.84129772933637
372,0.9255,0.78132365937239
1420,0.9209,-1
1941,0.9257,0.84158779536074
1326,0,-1
5,0.6511,-1
61,0.9336,0.919822893957453
466,-1,0.71625891502883
301,0.8829,0.80601401598339
1001,0.8762,0.7908391722638
1358,0.8697,-1
1513,0.9115,-1
1144,-1,0.75281161802143
1164,0.9694,-1
1857,-1,0.84814130194672
463,-1,0.80035681799638
1137,0.9171,-1
81,-1,0.85007432821696
1016,0.9205,0.82388521877996
1054,0.9921,-1
611,0.9191,0.80183011027828
859,-1,0.8306757575729999
2059,-1,0.8185399199172
1295,0.9204,0.77710858267121
1923,-1,0.85040910678688
616,-1,0.68088677257179
1306,0.926,0.7366678034453
389,-1,0.84133296297667
652,0.9115,0.81007901281745
1275,0.7932,-1
901,0.9233,0.905230270933553
1347,0,-1
453,-1,0.78057400926083
1858,-1,0.8486557942003801
874,0.8976999999999999,-1
1971,-1,0.74647703425044
37,0.9164,0.902251382437675
2000,-1,0.76169825379679
241,0.9197,0.81256734890811
635,-1,0.88427910519521
1950,-1,0.84129650728351
278,0.9212,0.81776012483236
1701,-1,0.88097505216103
868,0.9166,0.8104006849394
2080,-1,0.82397160561955
1479,0.8685,-1
1173,0.8458,-1
691,-1,0.68648725162264
180,0.8974,0.81340319588371
1627,0.9267,0.80418718311933
1852,-1,0.84865561571126
989,0.9828,0.903929298593964
144,0.8026,0.7328402359402599
785,-1,0.80296888952082
23,0.9217,0.75211863943334
582,0.8909,-1
201,0.9259,0.82182544135248
183,-1,0.84095454770795
462,-1,0.81528599230769
1453,0.8329,0.80846313658856
976,0.927,0.81256824387771
624,0.9272,0.7636944411659901
1234,0.9261,-1
1885,-1,0.84814716137046
1586,-1,0.81898465316782
954,0.9273,0.84392034303806
1057,0.9406,0.76501391858891
374,0.9237,0.76739181998386
1856,-1,0.85040705241007
1757,0.8458,-1
1698,-1,0.8801258397419001
1398,0,-1
1812,-1,0.76492395257578
1882,-1,0.85040784587124
956,0.9268,0.82210908215737
894,0.8072,-1
415,0.9716,0.85023269657331
654,0.8968,0.905265366025965
1431,0.9493,0.81254418872972
1149,-1,0.69788821803295
1481,0.9082,-1
1199,-1,0.88646124070972
1864,-1,0.84865557509518
1117,0.9132,-1
1157,-1,0.81312708844042
1614,-1,0.81927068833218
697,-1,0.7985454323821
1695,-1,0.88097582772105
377,0.9242,0.86814791424264
1807,-1,0.78822604681446
1147,-1,0.63686680746543
380,-1,0.80415250898569
1232,0.9298,0.8906526952386999
149,0.9289000000000001,0.77447246043712
142,0.8691,0.77965284751629
1316,-1,0.78436120567062
564,0.9474,-1
659,0.9197,0.82581704819012
1014,-1,0.80245549505276
379,0.8691,0.80442780900447
193,0.9366,0.81321509691701
1814,-1,0.76582030562035
1465,-1,0.7788661922684
1651,-1,0.73739016912948
2024,-1,0.80513212515804
688,0.9378,-1
1568,0,-1
1262,0.9762,0.7962569003050299
40,-1,0.81133563120828
1745,0.8458,-1
152,0.9275,0.84077024546725
1764,-1,0.8289263737144
229,0.9217,0.77123268247901
1278,0.9197,0.79210366006901
432,0.9245,0.7458989931929
2081,-1,0.8239830524372
1643,0.9389,-1
363,0.9197,0.7880852877669999
1396,-1,0.83526644896164
1635,0.9389,-1
1311,0.9255,0.79459060788646
195,0.9876,0.78004388409891
936,-1,0.80093297231668
1280,0.8734,0.76697678719762
1567,0.8678,0.80318302767682
1880,-1,0.8494608326406
1904,-1,0.8504093094328999
1776,0.8793,0.87505125130801
1263,0.9277,-1
1731,-1,0.79303786981006
1120,0.9132,0.77730179900632
1637,0.9389,-1
997,0.928,0.78586616116208
885,0.9363,0.87584062237975
1320,0.9255,0.77753603384781
1704,-1,0.88012631588656
1493,0.9363,-1
322,0.8661,0.7802363192642701
1829,-1,0.86321667804752
1131,0.9253,-1
717,0.8673,0.84657103324861
965,0.9238,0.80214679208687
1672,-1,0.79658462309856
1956,-1,0.88192355758557
96,-1,0.84137179842302
2066,-1,0.81083257294753
678,-1,0.79275883845387
59,0.9389,0.8673318243325
1554,-1,0.80282913179693
1541,-1,0.77999276789839
959,0.9261,-1
713,0.9243,0.79482636707502
1103,0.9351,-1
2095,-1,0.932055330526493
19,0.9336,-1
1940,0.9724,0.88033307292672
882,0.9437,0.85708945512835
1472,0.8168,0.78568271698221
34,0.504,-1
615,-1,0.72229577281181
778,0.9713,0.87014987040738
2007,-1,0.81724181458946
1876,-1,0.84865718615178
426,0.9713,0.75191793667873
1098,0.9257,-1
1424,0,-1
148,0.9285,-1
741,0.9259,0.83386267647152
1178,0.8129,-1
707,0.9465,0.961645520384603
1613,-1,0.8388061508306
1007,0.9205,0.88591144222027
638,0.9241,0.79624170576197
1630,-1,0.8675751756386
1863,-1,0.8481429573831301
1921,-1,0.8494641870968
583,0.877,-1
386,0.9275,0.78741404115116
847,0.9204,0.79970195971053
1755,0.8458,-1
723,0.9264,0.8226206547721
361,0.9197,-1
932,-1,0.80091359647143
448,-1,0.76817919489334
1549,-1,0.74266359148365
970,0.9247,0.954480229639339
1550,-1,0.80208406792265
570,0.9981,0.81816521894004
914,0.9242,0.900581490537416
133,-1,0.80441888138026
991,0.8832,-1
1190,0.9767,0.76854121564389
323,0.846,-1
1610,-1,0.81924075952419
396,-1,0.8846010683522
855,-1,0.81676715474582
1412,-1,0.74975456688949
846,0.9204,0.80031061197274
870,0.9218,-1
1679,-1,0.87893336558051
347,0.9197,0.78440364448476
925,-1,0.80092225062346
341,0.9197,0.80281305698048
1976,-1,0.76251316325025
881,0.8851,-1
1990,0.915,0.87337310086105
792,0.9237,0.81515841512958
1043,0.9205,0.84350704216606
1056,0.9406,0.76157691954089
128,-1,0.7526211913123
1818,-1,0.7742152601821299
1488,0.873,-1
1515,0,-1
395,0.9262,0.946406872552022
1759,0.8458,-1
867,0.917,-1
2033,-1,0.84648815147594
1484,0.9713,0.80680737248263
1430,0.9295,0.80954068611694
1556,-1,0.71029586698798
112,-1,0.6137807550332199
1051,0.9226,-1
563,0.924,0.82098794890456
606,0.9176,0.80020682800218
1276,0.8927,-1
1186,0.9356,-1
1410,0.9273,-1
1170,0,-1
1758,0.8458,-1
407,-1,0.76534101590911
1365,0.9197,0.79032218884106
225,0.9288,-1
1884,-1,0.8494582773918
907,0.9229,0.87482083323105
802,0.8542,-1
2106,-1,0.931687748573243
1631,0.9389,-1
431,0.9245,0.80085728413321
833,0.35329999999999995,-1
1022,0.9205,0.81404152716536
1534,-1,0.76349036137031
405,-1,0.80791552575155
998,-1,0.6716638892307
1783,0.918,0.74621428262718
289,0.9213,0.7887913249173
113,-1,0.61139419126336
961,0.9235,0.89182248833695
1029,0.9205,0.86593600184521
775,0.9713,0.8209776637667601
418,-1,0.70654967438979
1528,0.6511,-1
78,0.9433,0.71895211451982
1505,-1,0.75583984959591
1432,0.9363,-1
1842,-1,0.903433098515407
1200,0.8662,0.71917947926544
1477,0.9463,-1
1681,-1,0.88093185366479
568,-1,0.82098676273229
1799,-1,0.771329979477
2075,-1,0.8108356357333499
2009,-1,0.81232825854187
941,0.9242,0.82972963072142
1692,-1,0.88012783949416
1348,0.9196,-1
452,-1,0.68945811921988
1135,0.9255,-1
1000,0.8769,0.77713892081687
2097,-1,0.9320509838859969
2071,-1,0.82399042242653
1678,-1,0.88124747341648
953,0.9273,0.88427489986375
1009,0.9205,0.88459292519479
1074,0.9069,-1
1373,0.9474,-1
1717,-1,0.88920980245153
808,0.9178,0.80015087465931
2100,-1,0.931178087205647
382,0.9436,-1
791,0.9237,0.8669811422746501
862,0.927,-1
926,-1,0.80092915565052
1417,0.9242,0.80671953560801
607,0.9176,0.79966346121362
853,-1,0.84102998020732
541,-1,0.8506306580524701
90,-1,0.84137240509209
1405,-1,0.7730463906799
1623,-1,0.84776275973728
1028,0.9205,0.86785429890485
777,0.9713,0.85633322035016
1896,-1,0.85072136609798
920,0.9245,0.78727387818515
1700,-1,0.8793725280127
1502,0.9474,-1
281,0.9713,0.78220173893316
2031,0.927,-1
2065,-1,0.81349198082046
1775,-1,0.69685905806515
947,0.9271,0.83129847441177
2076,-1,0.8160728268966
1095,0.9257,-1
787,-1,0.74707161740002
1382,0.9197,0.77341925758278
1734,-1,0.81300831054315
648,0,0.7901506653140999
1489,0.873,-1
629,-1,0.81860998671176
1132,0.7732,-1
1329,0.8492999999999999,-1
1791,0.8924,-1
2090,-1,0.932056277342823
1566,0.9174,0.82710697100095
686,0.9378,-1
738,0.9115,0.79469533011449
1089,0.9286,-1
1740,0.922,0.75876944383251
353,0.9197,0.8151913616115
1152,-1,0.81139297235122
1128,0.9374,0.966385659416595
268,0.8673,0.77049935753384
17,0.9191,0.81408590484704
224,0.9243,0.78323867442645
1302,0.9262,0.79725631544637
1127,0.9374,0.931265319171537
1093,0.9294,-1
1536,-1,0.79004789577282
653,0.931,0.82221284634922
2103,-1,0.926628974814193
252,0.9238999999999999,0.79042291141968
1865,-1,0.85036976491125
768,0.9175,0.77311289496618
782,0.973,0.74429819724821
1843,-1,0.902556756475892
427,0.9713,0.750127423534
1090,0.927,-1
938,-1,0.7862310490264199
1739,0.922,0.75877400982771
273,0.8673,0.81910426751952
2032,-1,0.8677411309495799
1756,0.8458,-1
1242,-1,0.83415949280804
1666,-1,0.76633875362346
814,0.9132,0.82181056761928
816,0.9306,0.919529565267062
1126,0.9212,0.79535736186316
1640,0.9389,-1
971,0.9247,0.87992665274078
104,-1,0.7453801381249
1543,-1,0.84126947736313
1145,-1,0.85183485292643
1391,-1,0.77328134161774
955,0.9268,0.81895252256498
939,-1,0.78678550909596
1435,0.9537,-1
392,-1,0.81544911059728
1476,0.9412,-1
1542,-1,0.8301547166188901
1260,-1,0.7582705793165601
1337,0,-1
731,0.9115,0.82142774245059
1934,0.9208,0.87335887452961
1527,0.6295,-1
776,0.9713,0.82912311460848
253,0.9095,-1
1209,0.9115,0.79865146229623
1374,0.9765,-1
400,-1,0.69139176504983
1771,-1,0.85001863456826
8,0.6511,-1
1716,-1,0.88857469182268
1205,0.9842,-1
1228,0.9247,0.86798845133138
1609,-1,0.83851178558077
233,0.9217,0.7998166760812
769,0.9747,0.75619459488772
1931,-1,0.7708870838284
1140,0.8979,0.958595472798629
1258,0.917,0.7671401891710801
609,0.9248,0.8101922458662301
1463,0.9297,0.79062312990992
465,0.9273,0.8275015358215501
1133,0.9178,-1
1874,-1,0.85040953524881
1660,-1,0.79473855907492
1184,-1,0.77743372310906
1148,-1,0.63199029730587
1531,-1,0.7798776606851601
493,-1,0.73456930006593
927,-1,0.80093752650161
1446,0.8932,0.80111853243969
1359,0.8697,-1
909,0.9233,0.83161910946218
166,0.927,-1
1101,0.23329999999999995,-1
964,-1,0.74143638835123
1585,-1,0.7776546999745599
218,0.9259,0.7961276127833801
1322,0.9255,0.75207950315511
461,-1,0.81379338443944
390,0.9295,0.928511585634992
779,0.9713,0.88123348142807
1677,-1,0.8809757179017
1459,0.9297,-1
1084,0.9325,0.915102916362755
417,-1,0.84948164708907
1069,0.9259,0.8748650364067
2092,-1,0.932056335050041
45,-1,0.81747560546881
980,0.9279,0.930699748352342
1822,-1,0.76188682976246
1735,-1,0.83243995959456
1283,0.9229,0.79072250248953
1495,0.9865,-1
1560,0.9842,-1
1919,-1,0.85072631650756
1765,-1,0.83328162457203
1886,-1,0.84865957954995
120,-1,0.6143188110437501
2068,-1,0.82656374905045
394,-1,0.79703130922931
1156,-1,0.64356838662324
1570,0.9204,0.85043219578728
1061,0.9194,0.52711951525417
2020,-1,0.83296147964558
1044,0.9205,0.77753006582101
244,0.9243,0.82059732157192
931,-1,0.80092783723337
604,-1,0.88946760045506
902,0.9233,0.7856079319946
798,0.8971,-1
1650,-1,0.8095787661358
298,0.9372,0.84928244168232
1245,0,0.8293184691307001
1786,0.918,0.74705254084965
1836,-1,0.90197088934104
165,-1,0.7956677854256899
206,0.9176,0.81663776806546
307,0.8472,0.79458052804087
523,0.8832,-1
62,0.9259,0.92024718187355
1619,-1,0.82917412828701
985,0.8832,0.8919013473299799
442,-1,0.76568652639823
1519,0.8799,-1
917,0.923,0.86134024055157
1104,0.9351,-1
1395,0.8959,-1
2058,-1,0.80281429478774
1470,0.9264,0.81155979224384
1777,-1,0.76029718173155
809,0.9178,0.79686587098535
1193,0.9713,0.76129268457772
1138,0.9255,-1
884,0.9932,0.84079395126192
1393,0.8974,-1
309,0.8279,-1
1006,0.918,-1
1252,0.9443,0.77548274844535
1763,-1,0.74392786253432
822,0.8673,0.77335908392697
1287,0.9204,0.77635998566037
1520,-1,0.76009027007681
722,0.9264,0.891823499785
540,-1,0.85063219289737
1097,0.9257,-1
1774,-1,0.77700530291881
746,0.9842,-1
175,0,0.76157401896832
720,0.9261,-1
1031,-1,0.73902168689519
1604,-1,0.83811304531243
794,-1,0.909970702591452
2078,-1,0.82410162014843
1397,-1,0.71469002756513
1155,-1,0.7064970794541601
1067,0.9233,0.83400816913707
140,0.927,0.83879196850373
1601,-1,0.81919963291054
1119,0.9132,-1
1596,-1,0.83871731506624
1658,-1,0.80811971091056
1965,-1,0.79673651852752
343,0.9197,0.82036183206476
199,0.9237,0.79199439739497
185,0.9217,0.82869305571757
237,0.9217,0.7983944923933
402,-1,0.85206275629492
1591,-1,0.81851195457604
1286,-1,0.83428953887536
1697,-1,0.87893339334836
1487,0.9319999999999999,-1
1565,-1,0.71059462505157
1809,-1,0.75199115716519
1416,0.9237,-1
26,0.9255,0.72996305432707
1938,0.9724,-1
1328,0.9756,-1
88,-1,0.74359068006782
1357,0.9197,-1
690,0.9378,-1
1032,0.9205,-1
784,-1,0.76903544205766
435,0.9716,0.76017793054317
2085,-1,0.90614992726753
419,-1,0.78825490645034
1008,0.9205,0.88698309592575
1285,0.9261,0.84409909617855
974,-1,0.77475226243716
618,-1,0.72197275519322
579,-1,0.81067444234564
1752,0.8458,-1
986,0.8832,0.8237270168308
555,-1,0.6826373463092801
2072,-1,0.8239900788245
1181,0.9289000000000001,0.8076377786580999
1611,-1,0.80708756009811
76,0.9494,0.78996480539685
194,0.928,0.79808283365953
1062,0.9194,0.76782188923959
770,0.9335,0.88388782905732
773,0.9713,0.80946488502119
1581,0.9204,0.82704793705624
1240,0.9103,-1
1206,0.9368,0.84072407916945
406,-1,0.75853508165549
819,0.9494,0.79753814918615
924,-1,0.80092379382948
911,0.9233,0.84971372964271
1301,0.9607,-1
1343,0.9196,0.7395128618872999
235,0.9217,0.74128919016814
316,0.9267,0.8207353754665
1994,-1,0.74800879807786
1508,0.9254,0.82683642197729
420,0.9713,0.77874282220236
712,0.9246,0.901036949560686
177,0.9323,0.81144344023714
66,0.926,0.71356604610464
1872,-1,0.85072330568181
1208,0.9329,0.78125548311733
1991,0.915,0.88158856113663
430,0.9358,-1
1118,0.9132,-1
1436,0.9471,0.8189348216069801
357,0.9197,-1
1106,-1,0.85380505471485
384,0.9729,0.82616159946429
999,-1,0.67391685955476
282,0.9369,0.75572887088216
228,0.9222,0.7824925219876699
1483,0.9217,0.7971393415967
934,-1,0.80090790165683
1088,0.9282,0.919825020063711
1546,-1,0.78452439649637
1529,-1,0.73464477789456
399,-1,0.89390508449632
1324,0.9291,-1
344,0.9197,0.79991586703026
749,0.9259,0.81475460988092
1399,0.9221,0.87304748728076
1628,0.9267,0.80411110237472
1297,-1,0.8124901338091
135,0.9197,0.81259106092913
352,0.9197,0.80052384183852
890,0.9363,0.87715220115922
1902,-1,0.8507223226802401
1729,-1,0.82465181797068
796,0.9272,0.74733198376084
2099,-1,0.932051937636684
440,-1,0.76959340700175
1284,0.9229,0.77495817707974
92,0.9156,0.83399503858156
1593,-1,0.81874924705855
227,0.9242,-1
734,0.9115,0.80342810968523
69,0.9241,0.75594645768293
1937,0.976,-1
71,-1,0.83832191989043
1625,-1,0.83372690283792
528,0.6511,-1
52,0.9076,0.8698454506917099
1535,-1,0.75760473836508
871,0.9256,-1
1342,0.8562,-1
1642,0.9389,-1
873,0.9249,0.79586661736652
1943,0.9245,0.903305929506418
1040,0.9205,0.87525874725704
1073,0.9195,0.89273738861086
1667,-1,0.80380576560239
1970,-1,0.72924519033856
1760,0.8458,-1
198,0.9276,0.8100197790643799
580,-1,0.79999035652317
1988,-1,0.7636607107037
457,-1,0.83094295490795
333,0.9463,-1
312,0.9115,0.8174473233967701
705,0.9261,0.81337301059802
1241,0.9045,-1
1540,-1,0.79886985101848
1175,0.8686,0.906148383499202
1261,0,-1
709,-1,0.8443711633922499
1335,0.8411,-1
1590,-1,0.83832054761157
1272,-1,0.82371727656397
875,0.9276,0.87923828269135
56,0.9866,0.88038487203065
757,0.9297,0.79802770490925
1646,-1,0.84083984676218
1652,-1,0.7601700731151
683,-1,0.7345578925426399
793,-1,0.80803523290742
1116,0.9132,0.77729934274921
1429,0.9471,-1
1377,0,-1
1053,0.9921,-1
1218,0.8959,-1
1048,0.8907,-1
2023,-1,0.8308873950004401
1830,-1,0.89435967477714
337,0.9478,-1
550,-1,0.74858210989328
186,0.9243,0.82343979899696
202,0.8974,0.79206768136168
903,0.9233,0.83598684752568
704,-1,0.69589757722223
1724,-1,0.83955904968865
1748,0.8458,-1
207,0.9173,0.82911683946432
1323,-1,0.7555368911161
1844,-1,0.903286214310677
1250,0.9195,-1
1239,0.8899,-1
1514,0.928,0.78928239504604
249,0.9236,0.75379912327995
1113,0.9132,0.78174111981491
83,-1,0.6975996403465801
2894,0.7807999999999999,-1
1317,-1,0.75875330957319
1639,0.9389,-1
184,0.972,0.79470975563136
1290,0.9204,0.78065293426547
1973,-1,0.72522843120437
1313,0.9255,0.77990528640396
1499,0.9474,-1
75,-1,0.81824543713954
1063,0.9194,0.79027250081837
1325,0.9291,0.81734904396783
988,0.9828,0.912547276539456
24,0.9255,0.7299615770058
1109,0.9269000000000001,0.9616454232716241
444,-1,0.85475007950741
913,0.9242,0.930583796468827
2069,-1,0.8240973466518899
1539,-1,0.8466971320255701
127,0.8665,0.76946260691264
1305,0.926,0.75756489682289
1668,-1,0.81209690242274
1154,-1,0.62180127912705
1551,-1,0.78861007037696
804,0.9309000000000001,0.86752350947946
1958,0.9407,-1
1780,-1,0.8107486744835
43,-1,0.84917143303343
1685,-1,0.87893498526957
797,0.9067000000000001,0.8226539120626
1827,-1,0.8630124134218
1828,-1,0.86301116386598
319,0.9259,0.7994594945988001
369,0.9197,0.82035557933171
1018,0.9205,-1
447,-1,0.75561124239555
529,-1,0.8018167117629
1059,0.9406,-1
1727,-1,0.82465142804491
383,0.9076,0.88460205900773
300,0.8873,0.84080375446821
132,-1,0.7898588828162
139,0.9441,-1
1050,0.9253,0.87303956002808
1699,-1,0.8809347101436
1846,-1,0.84865633031683
1608,-1,0.81895832174406
1811,-1,0.77918233627575
1460,0.9297,0.84324357857635
823,0.9278,0.82933956556811
1100,-1,0.76807411429857
1034,0.9205,0.7445879210713799
832,0.9277,0.78491528008194
556,0.9336,0.927622930656819
1823,-1,0.7655415050087
602,-1,0.82154062866045
1787,0.918,0.83471014520147
572,-1,0.83698400282485
360,0.9197,0.8263265033157801
1037,0.9205,0.78875222284631
1648,-1,0.87081601107079
849,0.927,-1
1312,0.9255,0.77894808651306
21,0.9336,-1
1825,-1,0.89066836052001
1188,-1,0.82456661336686
1011,-1,0.81013130768583
1099,0.9257,-1
95,0.8686,0.80179186448072
143,0.9231,0.7801410406036999
1634,0.9389,-1
878,1.0,0.88769767181827
1946,0.9747,-1
1185,-1,0.83080241592687
922,-1,0.80091816611033
1270,-1,0.85808716138341
696,-1,0.72818343623351
1839,-1,0.901427933660906
1649,-1,0.8017812566267299
97,0.9305,0.78071379104979
766,0.9242,0.913656004991519
628,-1,0.74379589714549
1595,-1,0.81882430587137
1933,-1,0.7921118916457
107,-1,0.65466188060352
157,0.9243,0.85296247090309
1223,0,0.7231081091421
1929,0.9728,0.8439205462139701
597,-1,0.9003284173071731
286,0.9189,0.75471633974148
593,0.9493,-1
1354,-1,0.76787971063688
1072,0.9195,0.89185565803934
1533,-1,0.86429555108347
41,-1,0.82737858694065
728,0.9115,0.8110163923170299
1268,-1,0.8370637400004
729,0.9115,0.8289382102287
239,0.9243,0.73732683098949
2015,-1,0.82282105835113
1265,0.9452,-1
1504,-1,0.756951565941
1070,0.9261,-1
1422,0,-1
626,0.9272,0.76370721446276
336,0.9392,-1
222,0.9241,0.76303266196927
1238,0.9295,-1
1065,0.8279,-1
982,0.9279,0.93701585345347
803,0.8542,-1
264,0.9256,0.8177190926136599
39,0.9259,0.940999505903613
102,-1,0.67887398389177
1171,-1,0.70990248368037
1480,0.9463,-1
834,0.927,0.7987514628882599
1674,-1,0.8801277325401899
900,0.9233,0.85533126668153
362,0.9197,0.81791344520829
1516,0.8918,-1
208,0.9176,-1
159,0.9305,0.86106374322715
1878,-1,0.85037047517553
1201,0.9746,-1
1653,-1,0.77318239637046
1384,0.9222,0.79387225032107
2070,-1,0.82468782751672
2073,-1,0.824100098864
250,0.9236,0.75755848041334
1706,-1,0.87937213450767
1255,0.9474,-1
889,-1,0.77769048722222
391,-1,0.70220257581292
743,0.9259,0.80631584165102
1555,0.9718,0.85199913141297
1264,0.9883,-1
1123,0.9828,0.78098179792385
1046,0.9273,0.77377159026257
181,0.9269000000000001,-1
266,0.8673,0.77822161598717
617,-1,0.69004760523621
2067,-1,0.81607345924165
1999,-1,0.7548735454241899
2104,-1,0.92196568236869
1386,0.9716,0.8266518397956399
2061,-1,0.81841003447782
1346,0.9769,0.7375851694881199
1389,-1,0.77079408912286
136,0.8947,0.80500916235075
883,0.9341,0.84811007412669
84,-1,0.79901007434813
2010,-1,0.80970640567129
1197,0.9713,0.74816398796411
943,0.9217,0.78285538395649
1291,0.9204,0.78067397441648
451,-1,0.78327959423613
718,-1,0.8411577622004001
423,0.9713,0.76982723927414
1900,-1,0.84865833479668
1166,0.9262,0.87840318316234
1930,-1,0.7220298971499
1624,-1,0.76714281952058
1169,0.9192,0.79159777991919
1766,-1,0.82710347598539
845,0.9271,-1
1020,0.3708,-1
807,0.9249,0.925363703985675
710,-1,0.71900498571397
1187,0.7662,-1
1189,0.9767,0.7774846517681
429,0.9248,0.78075533524692
603,0,0.78600560210223
1998,-1,0.75519951029653
1772,-1,0.80726503613307
57,0.9273,0.80778537044362
1475,0.944,-1
1203,0.9264,0.86844496225319
631,-1,0.80128064252318
1552,-1,0.81003821010424
1163,0.9258,0.8678813727251999
2063,-1,0.8185408770103
1300,0.9261,-1
1086,0.9319999999999999,-1
58,0.9435,0.8684515669307
130,0.9328,0.7990501207986
1835,-1,0.901521118318164
397,0.9259,0.942492287026399
1600,-1,0.83880760925805
315,0.9267,0.81032116615472
161,0.9242,0.89756681314052
1898,-1,0.87199908361788
173,0.9377,0.80014424640618
952,0.9474,0.7828609465734
1026,0.9205,0.84184668910283
411,0.9465,0.961645500941877
1496,0,-1
708,-1,0.77859840301133
843,0.9261,-1
1202,0.9275,0.8693632290291899
327,0.8674999999999999,0.5462074007381901
1910,-1,0.84946256130658
1226,-1,0.77829467202356
1526,0.6295,-1
1111,0.9487,-1
608,0.9248,0.80226740890534
170,0.8968,0.89139384868441
1773,-1,0.71962807500437
305,0.9255,0.8160580076980299
1638,0.9389,-1
1159,-1,0.79263919109758
1806,-1,0.76251053363251
168,0.9717,0.77662751281936
605,0.9174,0.78275925429195
191,0.9237,0.87649922916403
2096,-1,0.932054403808596
255,0.9255,0.77663836920206
1599,-1,0.81908189373685
1375,0.9208,0.84407073124577
1661,-1,0.78823836711239
1767,-1,0.74666402774624
854,-1,0.81579549116954
567,-1,0.81940008157114
968,0.9238,0.80958008338109
620,-1,0.71971917753622
1414,0.9237,-1
1033,0.9205,-1
393,0.9261,0.8551744737762
542,-1,0.8120023588338701
835,0.927,0.79046577791269
231,0.9247,0.78980804332887
151,0.9343,0.8039174042756
1894,-1,0.8504103746164
1403,0.8708,0.89696504615657
1589,-1,0.84610598242049
1602,-1,0.83875453193314
2012,-1,0.82543234431428
1271,0.9363,-1
1738,0.922,0.75876870603204
1310,0.9255,0.79354422171097
1433,0.9767,0.81970239604796
2062,-1,0.81841341610332
613,0.9252,0.77584130496789
1049,-1,0.69206966233501
416,-1,0.8618459098096
263,0.9217,0.80162679841343
645,0,0.79523747971428
1064,0.9194,0.5381644670707499
1978,-1,0.73982714820542
1801,-1,0.86433083309311
174,0.8407,-1
2040,-1,0.79192751629706
1559,0.9842,-1
1972,0.9278,0.78368600625274
551,-1,0.81080683032331
1817,-1,0.82513348277485
2102,-1,0.92196513738676
1455,0.9268,0.80247599391394
215,0.924,0.81557469543294
332,-1,0.8321087025581
262,0.9237,0.77624755665739
719,0.9249,0.83918317252137
990,0.9828,0.903919211534032
549,-1,0.8065529419767
1848,-1,0.85072403076226
599,0.875,0.928059990421374
2001,-1,0.79723956248784
1636,0.9389,-1
178,0.9494,-1
1982,-1,0.7923657412522
1983,-1,0.79015768974291
4,0.6511,-1
1953,-1,0.85933480507019
1582,0.9204,0.88775105584923
1522,0.6295,-1
1134,0.9176,0.85490668686001
1510,0.9828,0.81693425814638
169,0.9292,0.87988845980771
1728,-1,0.81103643968073
2091,-1,0.932051515929857
1319,0.9237,0.79770239108562
1670,-1,0.80196110685086
1041,0.9205,0.81615991164097
210,0.49329999999999996,-1
2054,-1,0.8173735766437
146,0.9151,-1
752,0.9262,0.943692812148007
1708,-1,0.8812454765347499
271,0.9198999999999999,0.79235794567856
1883,-1,0.85040853364037
346,0.9191,0.76334430432752
2017,0.8756,0.8512945091265101
912,0.9229,0.82972447989878
410,-1,0.79076935005376
141,0.9261,0.8050662876893799
836,0.9261,0.77852872801372
1548,-1,0.7868530108074
1959,0.9407,-1
1355,-1,0.75362240986471
754,0.9337,-1
981,0.9279,0.933944804028955
359,0.9197,0.76246529757592
284,0.9189,0.72677275829655
449,-1,0.80860669858488
1850,-1,0.85040565498488
877,1.0,0.88639753060324
65,0.9255,0.72994835004349
1058,0.9406,-1
1439,0.9115,0.8112519781818
460,-1,0.81986905075153
1689,-1,0.88097671719014
760,0.9355,0.80027067482403
1979,-1,0.78579828387676
1214,0.8452,-1
762,0.9263,-1
274,0.8673,0.82889627110734
1288,0.9204,0.8369930842683599
1494,0.9267,0.85968467964433
1897,-1,0.85072401411319
1419,0.9209,0.80902826994456
1688,-1,0.8793745677799
539,-1,0.82082344344007
354,0.9191,0.80230031015353
1525,0.6295,-1
345,0.9197,0.7925592895979701
1360,0.8697,-1
812,0.9217,0.82800098999021
371,0.8691,0.79055567103795
403,-1,0.80328433197604
1318,-1,0.82009605058177
318,0.9255,0.80866687884039
993,0.9336,-1
1875,-1,0.84814489059896
841,0.9403,-1
1718,-1,0.88775847141314
592,-1,0.8025598626211801
612,0.9191,0.80272399381846
1413,-1,0.74751736679079
1215,0.8306,-1
1851,-1,0.84814255658649
831,0.9277,-1
732,0.9115,0.83143633308551
619,-1,0.76820966814904
2105,-1,0.92662902566447
280,0.9272,0.75264841022608
1376,0.8885,-1
1107,-1,0.7976908716347599
675,0.9273,0.81243230117195
1974,0.8714999999999999,0.82133709625996
1733,-1,0.81773836856187
1222,0.9237,0.75030078830702
1336,0,-1
1571,0.9204,0.85102867197086
68,-1,0.77375031934488
1437,-1,0.76934211358949
919,0.9233,0.8613346193895299
1797,-1,0.82623966455954
1694,-1,0.87937323531347
828,0.9267,-1
888,0.9364,-1
698,-1,0.81769084655659
162,0.9217,0.8697555395137
1080,0.7233,-1
299,0.9319,0.80734977546814
49,0.8308,0.83423541389204
1267,0.9351,-1
334,0.9433,0.71391164699939
376,0.8689,0.81252175372946
1334,0.9276,-1
1949,0.9747,-1
14,0.7295,-1
810,0.9198999999999999,0.7901459261389601
1951,0.6243000000000001,-1
1834,-1,0.912795076413455
1841,-1,0.903171447835933
492,-1,0.80531343608632
303,0.9292,-1
287,0.9713,0.79552537482775
100,0.9318,0.71310315262198
1142,-1,0.79027831451756
2030,-1,0.8184092853363
1039,0.9205,0.77405007992602
1726,-1,0.84168709678045
2079,-1,0.82468711319771
1588,-1,0.86198718834212
650,0.8684000000000001,0.82871353597875
232,0.9217,0.80409042542148
1506,-1,0.79985946548749
1294,0.9204,0.77241029386919
1715,-1,0.88740623457414
413,-1,0.84087120818974
1143,-1,0.7123684227664799
1400,-1,0.68061406042549
401,0.9244,0.86683705964661
864,0.9217,0.8029843339745499
2056,-1,0.818534661244
1914,-1,0.84946143455542
1576,0.9204,0.8109356069778499
118,-1,0.7016797973106901
1879,-1,0.8507233484822
1881,-1,0.8504082894366101
558,0.9259,0.919824349321769
946,0.9217,0.7807122467807099
1124,0.9312,-1
85,-1,0.74886101538653
1350,0.9197,-1
1784,-1,0.82480216336356
1019,0.9205,-1
655,-1,0.81440205315965
1379,0.9195,0.86290938776047
850,0.9261,-1
783,0.973,0.74428937871931
182,0.6549,-1
673,-1,0.84798556484971
1915,-1,0.84814581112131
290,0.8666,0.77343809389076
153,0.9279,-1
1558,-1,0.7947999973713
60,-1,0.86930837776466
534,-1,0.85063178562482
450,-1,0.6956556431786001
1669,-1,0.7814248433027899
459,-1,0.82905355664912
114,-1,0.60930676022304
279,0.9259,0.77822837954697
1462,0.9297,-1
1172,0.8679,-1
744,0.9259,0.73097142273062
1176,0.8673,0.80229915089537
438,0.9728,0.82057397495827
1402,0.9473,-1
622,0.8691,0.75873897171886
160,0.9264,0.89300675986449
1859,-1,0.85036954142594
1561,0.9842,-1
1421,-1,0.77877372739614
969,0.9115,-1
1690,-1,0.88124810194814
33,-1,0.83148139896318
975,0.9349,-1
267,0.8673,0.7839660313328
1891,-1,0.8494642957687
1824,-1,0.8272638947602899
163,0.9259,0.87767982402206
247,0.9217,0.77975277616295
1331,0.9868,0.8092964011371799
761,0.9189,0.79982252156752
1732,-1,0.82324508146921
1230,0,-1
851,-1,0.77518948191948
122,0.8873,0.7463361603325
575,0.8932,-1
285,0.9189,0.72617683849998
1094,0.9294,0.8639164243232
1091,0.9282,-1
342,0.9197,0.79698995698818
663,-1,0.70769917603967
721,0.8761,0.940937580652206
1889,-1,0.85072665277376
1466,-1,0.80434051595307
1035,0.9205,0.77195252091447
1411,0.8893,0.80055899108213
1083,0.927,0.85158179962656
2011,-1,0.81493764805556
1259,0.9299999999999999,-1
44,0.9868,0.81364577123579
256,0.9248,0.80217298516745
893,0.8929,-1
1445,0.8451,0.80732374006795
221,0.9309000000000001,0.78117753893954
1945,0.9174,0.87523396514743
1657,-1,0.81453744597333
1307,0.9244,0.77674141556324
105,-1,0.6742093612503399
238,0.923,-1
876,0,0.84384617254412
1749,0.8458,-1
1911,-1,0.85040861298258
115,-1,0.60196110450467
209,0.9174,0.78174936881062
1524,0.6295,-1
260,0.9241,0.79346602447786
77,-1,0.82200265357309
1684,-1,0.88124759280811
1161,-1,0.76809004189522
1473,0.9325,-1
2021,0.9487,-1
1076,0.9315,0.78119106693679
1532,-1,0.76601586013037
370,0.973,0.80399116838598
553,-1,0.80295567149377
472,-1,0.80465157766253
2101,-1,0.931178468774149
1356,0.9197,0.7657798681346499
1992,0.915,0.85083767800579
1877,-1,0.84865640066529
1888,-1,0.85037249853185
795,0.9243,0.76245537707388
1987,-1,0.78827195206168
866,0.927,-1
1788,0.918,0.79830731303132
813,0.9351,0.79995398115589
1598,-1,0.83870639422913
1108,0.9261,-1
1210,0.9273,-1
1895,0.846,-1
1464,0.9297,0.79098000361166
923,-1,0.80090596871943
933,-1,0.80092978847863
137,0.846,-1
1761,-1,0.81877130745853
2093,-1,0.932049917209826
12,0.7295,-1
1038,0.9205,0.78876504643134
468,0.9244,0.96179421310649
1141,0.9255,-1
930,-1,0.80092386329646
577,0.9265,0.89225257873673
1867,-1,0.8494575556091399
1500,0.9474,-1
1691,-1,0.87893473081775
1955,-1,0.900151946152438
824,0.9261,-1
1925,-1,0.85041056196063
544,0.9213,-1
962,0.8956,-1
124,0,0.83030100556677
1233,0.9295,0.86234232540956
1345,0.8696,-1
1406,0,-1
1388,-1,0.77532987613355
1804,-1,0.70341687782619
1808,-1,0.78826871330158
908,0.9234,0.81017188990096
54,0.8793,0.87291641882129
590,0.9343,0.86003429579961
987,0.8832,-1
2064,-1,0.80513245823332
1364,0.9197,-1
1742,0.8458,-1
116,-1,0.61347182182354
123,-1,0.75068735986018
1890,-1,0.84946238422242
725,0.9115,0.82492399002295
308,-1,0.83060633830783
820,0.9494,0.80132376662862
1045,0.9273,0.79339105318036
610,0.9248,0.8022511197813
378,0.8691,0.77855232540612
759,0.9268,0.82710586667734
821,0.9948,0.82544787982091
74,-1,0.76249226345343
155,0.9295,0.89205505236987
1370,0.9474,-1
1753,0.8458,-1
46,0.839,0.8114710659887601
689,0.9378,-1
1426,0.9347,0.82206064247202
829,0.9269000000000001,-1
240,0.9243,0.74489491814303
887,0.9363,0.83932483771319
214,0.9259,0.79000792616784
1605,-1,0.81902813352069
1066,0.935,-1
1482,0.9368,-1
1800,-1,0.84183882745386
2094,-1,0.932052894662501
774,0.9718,0.88748452342874
138,0.8972,-1
192,0.8832,-1
1838,-1,0.910468729102465
811,0.9198999999999999,0.80656827887699
1444,0.938,-1
1918,-1,0.85037363977605
1229,0.9309000000000001,0.87402560232088
234,0.922,0.7587734033706199
328,0.8725,0.79815953238223
763,0.9741,0.77766061161502
1769,-1,0.81885958521631
1854,-1,0.85072285503155
254,0.9261,0.76976570229076
1984,-1,0.77779697282987
1626,0.9254,0.75211694263218
408,-1,0.7956114959184
1447,0.9468,-1
1024,0.9205,0.84313879688606
1840,-1,0.901769217903054
1085,0.9319999999999999,0.915096168685009
1572,0.7632,-1
983,0.9279,0.85559957483663
600,-1,0.77071360935194
789,0.9237,0.86810930878634
1448,0.8458,0.83280714616593
1380,0.8603000000000001,-1
701,-1,0.71433974179102
1584,0,-1
840,0.9267,0.76879075359448
443,-1,0.88486041376598
1052,0.9921,-1
554,-1,0.76383293122927
1512,0.9474,-1
1948,0.9747,0.7395100987333301
338,0.875,0.928672981504702
2055,-1,0.8229455744543099
1298,-1,0.82073929942729
1545,-1,0.79842623171044
421,0.9713,0.76173706458213
1296,0.9204,0.76814096778442
838,0.9261,0.77684675242793
1501,0.9474,-1
445,-1,0.78828945340894
945,0.9469,0.78285979004446
573,-1,0.8579045545261
1521,0.6295,-1
915,0.9243,0.87590364217205
1490,0.9317,-1
1371,0.9474,-1
433,0.9193,0.79691902326313
1833,-1,0.9067950347973
167,0.9474,0.79764196742025
1622,-1,0.83801692321897
1523,0.6511,-1
547,-1,0.79886940389905
1060,0.9194,0.7923770048965599
1544,0.4133,-1
1583,0.8362,-1
1768,-1,0.70575543025495
261,0.9216,0.81214686259428
205,0.9176,0.79965819453774
1664,-1,0.75583084874951
1246,0,0.82931584234389
1964,-1,0.78277780152622
1750,0.8458,-1
145,0.8458,0.82074012207717
1663,0.9217,0.81741332768166
1870,-1,0.8486584404083299
1580,0.9204,0.78756650415986
1235,0.8769,-1
1303,0.926,-1
226,0.9217,0.7366287592683001
1418,0.9209,0.85106843997793
1321,0.9255,0.77752977350427
1587,-1,0.83886500700405
1227,0.8731,0.910546306626456
283,0.92,-1
1179,0,-1
70,0.8968,0.6090065874612101
1647,-1,0.87578824810293
366,0.9197,0.79488879747828
861,0.9261,-1
815,0.9263,0.79025457911984
1957,0.942,-1
1390,-1,0.78807191486422
1861,-1,0.8494602664117901
147,0.9336,0.82643973292601
1333,0.9828,0.82628742563861
537,-1,0.84512448807315
830,0.9277,0.7853209105226
1547,-1,0.7301028485550201
1451,0.9297,0.80827419853624
1778,-1,0.77445738023218
1675,-1,0.88093510042901
695,-1,0.7018400227955399
895,0.9264,0.80259710656241
1153,-1,0.80497531359572
837,0.9261,0.7926855180764301
1562,0.9842,-1
25,0.9255,0.7299630932446399
441,-1,0.86795715490285
1273,0.9332,-1
1680,-1,0.88012631412571
1655,-1,0.69048740302154
326,0.7914,-1
538,-1,0.81826489109316
1730,-1,0.82524646201631
1996,0.89,0.8154374502842
1174,0.8679,-1
1078,0.9315,0.79241350291803
910,0.9233,0.903226359443535
1251,-1,0.8511010780602399
1922,-1,0.85040984879073
1989,0.9228,0.87088480476094
1292,0.9204,0.77240725163781
269,0.8673,0.77399340150123
1269,0.9351,-1
1819,-1,0.79626981080473
569,0.9744,-1
1629,0.9769,-1
536,-1,0.75730819245169
591,-1,0.82912410470344
91,-1,0.68696437046658
1023,0.9205,0.84619077771762
36,-1,0.8041746197289
1641,0.9389,-1
702,-1,0.68846862677495
373,0.9436,0.80797562953465
1183,0.8976999999999999,-1
1266,0.9351,-1
1995,-1,0.78554375363513
651,0.9191,0.80233848039737
190,0.9217,0.81053966845545
310,0.8279,-1
1077,0.9315,0.7924307734714
121,-1,0.76831611263911
3,0.6511,-1
1954,-1,0.84785714104837
1467,0.9264,0.82833923664303
1963,-1,0.81257827905342
1810,-1,0.75046729826904
270,0.9198999999999999,0.81287209689545
1092,0.977,-1
865,-1,0.83927561968308
1110,0.9487,-1
1920,-1,0.84946053552138
1644,-1,0.83873777936829
1182,0.7965,-1
1538,-1,0.7349093889485
211,0.9474,0.7416094575201599
42,-1,0.80791147800426
1425,-1,0.7205186067568701
1191,0.9713,0.80163042695561
28,0.9189,0.7261627095502
844,0.9275,-1
2,0.6511,-1
1832,-1,0.912526777539132
6,0.6511,-1
51,-1,0.80271356585127
454,0.9299,0.83421757986351
1151,-1,0.6399055924175
979,0.9115,0.82625102933807
64,0.9718,0.86629818741389
1478,0.9372,-1
1309,0.9756,0.73286032842718
1573,0.9204,0.82045172950114
1621,0.9267,0.80369321375943
1220,0.789,-1
1378,0,-1
1686,-1,0.88012554841233
350,0.9197,0.81679170789065
1015,0.9205,0.8530176308420601
799,0.48419999999999996,-1
2057,-1,0.80537207828014
1935,0.9208,0.82971832273222
586,0.9261,-1
1659,-1,0.7344420446320701
446,-1,0.75600793891781
1720,-1,0.88948018158364
716,0.9263,0.936984954819823
928,-1,0.80092683241053
948,0.9276,0.8140384603912301
464,0.8917,0.79727378843411
1782,-1,0.80104448187948
1969,-1,0.7350511933308199
565,-1,0.82098823102117
552,-1,0.81591356652612
1779,-1,0.82702765548055
1,0.6511,-1
1441,0.8341000000000001,-1
739,0.9259,0.84876707023772
1340,0,-1
848,0.927,0.78033265735779
1518,0.9243,0.78176735180197
1952,-1,0.8788097446072
134,0.7007,-1
1744,0.8458,-1
1722,-1,0.84036422094374
1254,0.8668,0.78166885053773
1136,0.9171,-1
921,0.9244,0.74829288065617
548,-1,0.8608275566555
1603,-1,0.81926769540657
531,0.6295,-1
1236,0.928,-1
753,0.9262,0.88953958401185
1112,0.9132,0.7820696226050801
2060,-1,0.81911201046628
863,0.9286,0.82134677831309
1794,-1,0.78364335991592
67,0.9264,0.78387095738486
179,0.9243,0.79697247533584
1805,-1,0.82072703140921
101,-1,0.83699330220556
1146,-1,0.81783055367653
425,0.9713,0.76535257958196
1594,-1,0.83854166208875
55,0.9474,0.87088151263006
726,0.9115,0.81685511329136
1936,-1,0.82450405754626
1942,0.921,0.904077763994485
1537,-1,0.85796289892356
872,0.9249,0.921156823926722
89,-1,0.82613919232873
172,-1,0.80464110071576
1075,0.9315,0.85946604105822
1027,0.9205,0.8466960675294299
1997,-1,0.74937958919079
2004,-1,0.80393660943335
458,-1,0.81361478342329
1905,-1,0.84814142160394
1820,-1,0.7668929497667201
1961,-1,0.81156124871998
641,0.9197,0.79158583373605
158,0.9266,0.89785600312747
879,0.9379,0.8547116963711601
1725,-1,0.84133658468923
1821,-1,0.84008049255033
1434,0.9485,-1
2038,-1,0.8661906762006399
780,0.9713,0.80284124760265
658,0.972,0.79772562114048
18,0.9191,0.8140405447140899
1125,0.9374,0.82534460080171
219,0.9259,0.79837352032829
80,-1,0.81973043020782
737,0.9115,0.73949239460198
1314,0.9255,0.85549778064669
1564,0.9263,0.80333402567345
660,-1,0.6943568548978001
1474,0.9412,-1
242,0.9237,0.78572912492974
220,0.9259,0.76466340296074
